// --------------------------------------------------------------------------------------
/*! 

	Source file generated by a SGADE tool. For more information 
	visit http://jaap.flipcode.com/sgade/ or subscribe to 
	the mailing list at subscribe-sgade@yahoogroups.com.  

*/
// --------------------------------------------------------------------------------------


//! Data array generated by an SGADE tool
const u8 _2PiqueSpriteAnimationData[ 1024 ] = { 

	               0,               96,              101,              101, 
	               0,              230,              255,              255, 
	              80,              255,              255,              255, 
	             245,              255,              223,              253, 
	             230,              239,              152,              168, 
	             245,              191,              248,              127, 
	             246,              223,              253,              125, 
	             245,              255,              255,              169, 
	             101,              101,              101,              101, 
	             255,              255,              255,              255, 
	             255,              255,              255,              255, 
	             255,              255,              255,              255, 
	             255,              254,              239,              255, 
	             252,              255,              255,              255, 
	             253,              255,              255,              255, 
	             255,              255,              254,              254, 
	             101,              101,              101,              101, 
	             255,              255,              255,              255, 
	             255,              255,              255,              255, 
	             255,              255,              255,              255, 
	             254,              255,              255,              255, 
	             255,              255,              255,              255, 
	             255,              255,              255,              159, 
	             239,              255,              255,               89, 
	             101,              101,                5,                0, 
	             255,              239,              111,                0, 
	             255,              255,              255,                5, 
	             223,              255,              255,              111, 
	             142,              255,              255,               95, 
	              89,              252,              255,              111, 
	              85,              197,              255,               95, 
	              85,               85,              252,              111, 
	             246,              255,              142,              250, 
	             245,              255,              168,              255, 
	             245,              159,              135,              135, 
	             245,              255,              255,              255, 
	             246,              255,              255,              255, 
	             229,              255,              255,              254, 
	             246,              255,              255,              255, 
	             245,              239,              255,              239, 
	             255,              255,              255,              255, 
	             239,              255,              255,              255, 
	             252,              255,              254,              239, 
	             255,              255,              255,              255, 
	             255,              255,              254,              255, 
	             239,              255,              255,              255, 
	             255,              255,              239,              255, 
	             255,              255,              255,              255, 
	             255,              255,              207,               85, 
	             255,              255,              175,               85, 
	             255,              255,              239,               87, 
	             239,              255,              255,              255, 
	             255,              255,              255,              190, 
	             255,              255,              255,              204, 
	             254,              255,              255,              255, 
	             255,              255,              239,              255, 
	              85,               85,              229,               95, 
	              85,               85,              197,              111, 
	             137,               87,              249,               95, 
	              92,              254,              255,              111, 
	              85,              199,              255,               95, 
	             204,              204,              253,              111, 
	             255,              255,              255,               95, 
	             254,              255,              255,              111, 
	             245,              255,              255,              255, 
	             245,              255,              255,              255, 
	             246,              254,              239,              255, 
	             245,              255,              255,              239, 
	             246,              255,              255,              255, 
	             245,              239,              255,              255, 
	             245,              255,              255,              255, 
	             245,              255,              255,              255, 
	             239,              255,              255,              255, 
	             255,              239,              255,              254, 
	             255,              255,              255,              255, 
	             255,              255,              255,              239, 
	             255,              255,              255,              255, 
	             255,              255,              255,              255, 
	             255,              255,              255,              255, 
	             255,              255,              255,              255, 
	             239,              255,              255,              255, 
	             255,              255,              255,              254, 
	             255,              254,              255,              255, 
	             255,              255,              255,              255, 
	             255,              255,              255,              255, 
	             255,              255,              255,              255, 
	             255,              255,              255,              255, 
	             255,              255,              255,              255, 
	             255,              239,              255,               95, 
	             255,              255,              255,              111, 
	             254,              255,              254,               95, 
	             255,              255,              255,              111, 
	             255,              255,              255,               95, 
	             255,              255,              255,              111, 
	             255,              255,              255,               95, 
	             255,              255,              255,              111, 
	             246,              255,              255,              255, 
	             245,              254,              255,              255, 
	             245,              255,              255,              255, 
	             246,              255,              254,              255, 
	             245,              255,              255,              255, 
	             245,              255,              255,              255, 
	             245,              239,              255,              255, 
	             245,              255,              255,              255, 
	             255,              255,              255,              255, 
	             255,              255,              255,              239, 
	             255,              255,              255,              175, 
	             255,              255,              255,               92, 
	             255,              255,              207,               85, 
	             255,              255,               92,               85, 
	             255,              175,               85,               85, 
	             255,               92,               85,               85, 
	             252,              255,              255,              255, 
	             245,              255,              255,              255, 
	             165,              255,              255,              255, 
	              85,              252,              255,              255, 
	              85,              197,              255,              255, 
	              85,               85,              252,              255, 
	              85,               85,              197,              255, 
	              85,               85,               85,              252, 
	             255,              255,              255,               95, 
	             255,              255,              255,              111, 
	             255,              255,              255,               95, 
	             255,              255,              255,              111, 
	             255,              255,              255,               95, 
	             255,              255,              255,              111, 
	             255,              255,              255,               95, 
	             255,              255,              255,              111, 
	             246,              255,              254,              255, 
	             229,              255,              255,              255, 
	             246,              255,              255,              255, 
	             245,              239,              255,              255, 
	             245,              255,              255,              255, 
	             245,              255,              255,              255, 
	             246,              254,              255,              255, 
	             245,              255,              255,              255, 
	             255,               87,               85,               85, 
	             223,               85,               85,               85, 
	             239,               85,               85,               85, 
	             255,               89,               85,              149, 
	             255,              175,              135,              219, 
	             255,              255,              255,              159, 
	             255,              255,              255,               91, 
	             255,              255,              158,               85, 
	              85,               85,               85,              247, 
	              85,               85,               85,              245, 
	              85,               85,               85,              245, 
	             149,               85,               85,              249, 
	             229,              123,              167,              255, 
	             149,              255,              255,              255, 
	              85,              252,              255,              255, 
	              85,              165,              254,              255, 
	             255,              255,              255,               95, 
	             255,              255,              255,              111, 
	             255,              255,              255,               95, 
	             255,              255,              255,              111, 
	             255,              255,              255,               95, 
	             255,              255,              255,              111, 
	             255,              255,              255,               95, 
	             255,              255,              255,              111, 
	             245,              255,              255,              255, 
	             245,              239,              255,              255, 
	             246,              255,              255,              255, 
	             245,              255,              255,              255, 
	             245,              255,              255,              255, 
	             245,              254,              255,              254, 
	             246,              255,              255,              255, 
	             245,              254,              255,              255, 
	             255,              190,              153,              153, 
	             255,              255,              255,              255, 
	             255,              255,              255,              255, 
	             255,              255,              255,              255, 
	             255,              255,              255,              255, 
	             255,              255,              254,              239, 
	             254,              255,              255,              255, 
	             255,              254,              255,              255, 
	             153,              153,              185,              254, 
	             255,              255,              255,              255, 
	             255,              255,              255,              255, 
	             255,              255,              255,              255, 
	             255,              255,              255,              255, 
	             255,              255,              254,              255, 
	             255,              255,              255,              239, 
	             239,              255,              255,              255, 
	             255,              255,              255,               95, 
	             255,              255,              255,              111, 
	             255,              255,              255,               95, 
	             255,              255,              255,              111, 
	             255,              255,              255,               95, 
	             255,              255,              255,              111, 
	             255,              255,              254,               95, 
	             254,              255,              255,              111, 
	             246,              255,              254,              255, 
	             245,              255,              255,              255, 
	             245,              255,              255,              255, 
	             230,              255,              255,              255, 
	             246,              255,              255,              239, 
	             245,              255,              255,              159, 
	             245,              255,              255,               89, 
	             245,              255,              159,               85, 
	             255,              255,              239,              255, 
	             255,              255,              255,              255, 
	             255,              255,              255,              255, 
	             253,              255,              255,              255, 
	             248,              255,              255,              255, 
	             197,              255,              255,              255, 
	              85,              252,              255,              255, 
	              85,              197,              255,              255, 
	             255,              239,              255,              255, 
	             255,              255,              255,              255, 
	             255,              255,              254,              255, 
	             254,              255,              255,              254, 
	             255,              255,              255,              255, 
	             255,              254,              255,              255, 
	             255,              255,              239,              239, 
	             255,              255,              255,              175, 
	             255,              255,              255,               95, 
	             239,              255,              254,              111, 
	             255,              255,              255,               95, 
	             255,              254,              255,              111, 
	             255,              255,              254,               95, 
	             223,              253,              255,              111, 
	             168,              168,              255,               95, 
	             249,              127,              252,              111, 
	             246,              255,               92,               85, 
	             245,              254,               90,               85, 
	             246,              255,              126,              149, 
	             245,              255,              255,              207, 
	             230,              255,              239,               91, 
	              80,              255,              207,              204, 
	               0,              229,              255,              255, 
	               0,               96,               85,               85, 
	              85,               85,              254,              255, 
	              85,               85,              252,              255, 
	             120,              149,              255,              255, 
	             229,              255,              255,              255, 
	             117,              252,              255,              255, 
	             204,              220,              255,              255, 
	             255,              255,              255,              255, 
	              85,               85,               86,               85, 
	             239,              255,              255,              239, 
	             255,              254,              255,              255, 
	             255,              255,              255,              254, 
	             255,              239,              255,              255, 
	             255,              255,              255,              159, 
	             255,              255,              255,              255, 
	             254,              239,              255,              255, 
	              86,              101,               85,               85, 
	             253,              125,              253,               95, 
	             239,              169,              255,              111, 
	             143,              250,              255,               95, 
	             152,              255,              255,              111, 
	             120,              120,              252,               95, 
	             255,              255,              239,                5, 
	             255,              255,              111,                0, 
	              85,              101,                5,                0, 
}; 

// --------------------------------------------------------------------------------------
// EOF
// --------------------------------------------------------------------------------------

