// --------------------------------------------------------------------------------------
/*! 

	Source file generated by a SGADE tool. For more information 
	visit http://jaap.flipcode.com/sgade/ or subscribe to 
	the mailing list at subscribe-sgade@yahoogroups.com.  

*/
// --------------------------------------------------------------------------------------


//! Data array generated by an SGADE tool
const u8 AsCarreauSpriteAnimationData[ 1024 ] = { 

	               0,               96,              102,              102, 
	               0,              118,               68,               68, 
	              96,               71,              132,               71, 
	              70,               68,              108,               75, 
	              70,               68,              111,              118, 
	              70,              148,              134,              134, 
	              70,              132,              150,               34, 
	              70,              103,              102,              102, 
	             102,              102,              102,              102, 
	              68,               68,               68,               68, 
	              68,               68,               68,               68, 
	              68,               68,               68,               68, 
	              68,               68,               68,               68, 
	              68,               68,               68,               68, 
	              68,               68,               68,               68, 
	              65,               68,               68,               68, 
	             102,              102,              102,              102, 
	              68,               68,               68,               68, 
	              68,               68,               68,               68, 
	              68,               68,               68,               68, 
	              68,               68,               68,               68, 
	              68,               68,               68,              103, 
	              68,               68,               68,              102, 
	              68,               68,              116,              103, 
	             102,              102,                6,                0, 
	              68,              116,              103,                0, 
	              68,               68,               68,                6, 
	             103,               68,              116,              103, 
	             102,              118,               68,              100, 
	             102,              102,               68,              100, 
	             102,              102,              118,              100, 
	             102,              102,               68,              100, 
	              70,               97,              124,               39, 
	              70,               34,               68,              180, 
	              70,               68,               68,               68, 
	              70,               68,               68,               68, 
	              70,               68,               68,               68, 
	              70,               68,               68,               68, 
	              70,               68,               68,               68, 
	              70,               68,               68,               68, 
	              69,               68,               68,               68, 
	              70,               68,               68,               68, 
	              68,               68,               68,               68, 
	              68,               68,               68,               68, 
	              68,               68,               68,               68, 
	              68,               68,               68,               68, 
	              68,               68,               68,               68, 
	              68,               68,               68,               68, 
	              68,               68,               68,              116, 
	              68,               68,               68,              116, 
	              68,               68,               68,               68, 
	              68,               68,               68,               68, 
	              68,               68,               68,               68, 
	              68,               68,               68,               68, 
	              68,               68,               68,               68, 
	              68,               68,               68,               68, 
	             102,              118,               68,              100, 
	             103,               68,               68,              100, 
	             116,               68,               68,              100, 
	              68,               68,               68,              100, 
	              68,               68,               68,              100, 
	              68,               68,               68,              100, 
	              68,               68,               68,              100, 
	              68,               68,               68,              100, 
	              70,               68,               68,               68, 
	              70,               68,               68,               68, 
	              70,               68,               68,               68, 
	              70,               68,               68,               68, 
	              70,               68,               68,               68, 
	              70,               68,               68,               68, 
	              70,               68,               68,               68, 
	              70,               68,               68,               68, 
	              68,               68,               68,               68, 
	              68,               68,               68,               68, 
	              68,               68,               68,               68, 
	              68,               68,               68,               68, 
	              68,               68,               68,               68, 
	              68,               68,               68,               68, 
	              68,               68,               68,               68, 
	              68,               68,               68,               68, 
	              68,               68,               68,               68, 
	              68,               68,               68,               68, 
	              68,               68,               68,               68, 
	              68,               68,               68,               68, 
	              68,               68,               68,               68, 
	              68,               68,               68,               68, 
	              68,               68,               68,               68, 
	              68,               68,               68,               68, 
	              68,               68,               68,              100, 
	              68,               68,               68,              100, 
	              68,               68,               68,              100, 
	              68,               68,               68,              100, 
	              68,               68,               68,              100, 
	              68,               68,               68,              100, 
	              68,               68,               68,              100, 
	              68,               68,               68,              100, 
	              70,               68,               68,               68, 
	              70,               68,               68,               68, 
	              70,               68,               68,               68, 
	              70,               68,               68,               68, 
	              70,               68,               68,               68, 
	              70,               68,               68,               68, 
	              70,               68,               68,               68, 
	              70,               68,               68,               68, 
	              68,               68,               68,               68, 
	              68,               68,               68,               68, 
	              68,               68,               68,              100, 
	              68,               68,              116,              102, 
	              68,               68,              100,              102, 
	              68,              116,              102,              102, 
	              68,              100,              102,              102, 
	             116,              102,              102,              102, 
	              68,               68,               68,               68, 
	              68,               68,               68,               68, 
	             118,               68,               68,               68, 
	             102,               68,               68,               68, 
	              86,              118,               68,               68, 
	             102,              102,               68,               68, 
	             102,              102,              118,               68, 
	             102,              102,              102,               68, 
	              68,               68,               68,              100, 
	              68,               68,               68,              100, 
	              68,               68,               68,              100, 
	              68,               68,               68,              100, 
	              68,               68,               68,              100, 
	              68,               68,               68,              100, 
	              68,               68,               68,              100, 
	              68,               68,               68,              100, 
	              70,               68,               68,               68, 
	              70,               68,               68,               68, 
	              70,               68,               68,               68, 
	              70,               68,               68,               68, 
	              70,               68,               68,               68, 
	              70,               68,               68,               68, 
	              70,               68,               68,               68, 
	              70,               68,               68,               68, 
	              68,              166,              102,              102, 
	             116,              164,              102,              102, 
	              68,               68,              170,              102, 
	              68,               68,              164,              106, 
	              68,               68,               68,               85, 
	              68,               68,               68,               84, 
	              68,               68,               68,               68, 
	              68,               68,               68,               68, 
	             102,              102,              166,               68, 
	             102,              102,               69,               68, 
	             102,              162,               68,               68, 
	             214,               69,               68,               68, 
	              90,               68,               68,               68, 
	              69,               68,               68,               68, 
	              68,               68,               68,               68, 
	              68,               68,               68,               68, 
	              68,               68,               68,              100, 
	              68,               68,               68,              100, 
	              68,               68,               68,              100, 
	              68,               68,               68,              100, 
	              68,               68,               68,              100, 
	              68,               68,               68,              100, 
	              68,               68,               68,              100, 
	              68,               68,               68,              100, 
	              70,               68,               68,               68, 
	              70,               68,               68,               68, 
	              70,               68,               68,               68, 
	              70,               68,               68,               68, 
	              70,               68,               68,               68, 
	              70,               68,               68,               68, 
	              70,               68,               68,               68, 
	              70,               68,               68,               68, 
	              68,               68,               68,               68, 
	              68,               68,               68,               68, 
	              68,               68,               68,               68, 
	              68,               68,               68,               68, 
	              68,               68,               68,               68, 
	              68,               68,               68,               68, 
	              68,               68,               68,               68, 
	              68,               68,               68,               68, 
	              68,               68,               68,               68, 
	              68,               68,               68,               68, 
	              68,               68,               68,               68, 
	              68,               68,               68,               68, 
	              68,               68,               68,               68, 
	              68,               68,               68,               68, 
	              68,               68,               68,               68, 
	              68,               68,               68,               68, 
	              68,               68,               68,              100, 
	              68,               68,               68,              100, 
	              68,               68,               68,              100, 
	              68,               68,               68,              100, 
	              68,               68,               68,              100, 
	              68,               68,               68,              100, 
	              68,               68,               68,              100, 
	              68,               68,               68,              100, 
	              70,               68,               68,               68, 
	              70,               68,               68,               68, 
	              70,               68,               68,               68, 
	              70,               68,               68,               68, 
	              70,               68,               68,               68, 
	              70,               68,               68,               70, 
	              70,               68,              100,              102, 
	              70,              116,              102,              102, 
	              68,               68,               68,               68, 
	              68,               68,               68,               68, 
	              68,               68,               68,               68, 
	              68,               68,               68,               68, 
	              68,               68,               68,               68, 
	              68,               68,               68,               68, 
	              71,               68,               68,               68, 
	              70,               68,               68,               68, 
	              68,               68,               68,               68, 
	              68,               68,               68,               68, 
	              68,               68,               68,               68, 
	              68,               68,               68,               68, 
	              68,               68,               68,               68, 
	              68,               68,               68,               68, 
	              68,               68,               68,              100, 
	              68,               68,               68,               84, 
	              68,               68,               68,              100, 
	              68,               68,               68,              100, 
	              68,               68,               68,              100, 
	              68,               68,               68,              100, 
	              68,               68,               68,              100, 
	              68,               68,               68,              100, 
	              75,               68,              170,              100, 
	              74,              196,               22,              100, 
	              70,              100,              102,              102, 
	              70,              119,              102,              102, 
	              70,               68,              103,              102, 
	              70,               68,              119,               70, 
	             118,               68,               68,               71, 
	              96,               68,               68,               68, 
	               0,              118,               68,               68, 
	               0,               96,              102,              102, 
	             102,               71,               68,               68, 
	              70,               68,               68,               68, 
	              71,               68,               68,               68, 
	              68,               68,               68,               68, 
	              68,               68,               68,               68, 
	              68,               68,               68,               68, 
	              68,               68,               68,               68, 
	             102,              102,              102,              102, 
	              68,               68,               68,               20, 
	              68,               68,               68,              116, 
	              68,               68,               68,               68, 
	              68,               68,               68,              116, 
	              68,               68,               68,               68, 
	              68,               68,               68,               68, 
	              68,               68,               68,               68, 
	             102,              102,              102,              102, 
	             102,              102,              118,              100, 
	              34,               97,               72,              100, 
	             104,              104,               73,              100, 
	             103,              246,               68,              100, 
	             244,              198,               68,              100, 
	             119,               72,              116,                6, 
	              68,               68,              100,                0, 
	             102,              102,                6,                0, 
}; 


// --------------------------------------------------------------------------------------
// EOF
// --------------------------------------------------------------------------------------

