// --------------------------------------------------------------------------------------
/*! 

	Source file generated by a SGADE tool. For more information 
	visit http://jaap.flipcode.com/sgade/ or subscribe to 
	the mailing list at subscribe-sgade@yahoogroups.com.  

*/
// --------------------------------------------------------------------------------------


//! Data array generated by an SGADE tool
const u8 DCarreauSpriteAnimationData[ 1024 ] = { 

	               0,               96,              102,              102, 
	               0,              118,               68,               68, 
	              96,               71,               68,               68, 
	              70,               68,               68,              193, 
	             118,               68,               81,              187, 
	              70,              148,              202,               68, 
	              70,              132,               75,               68, 
	              70,              132,               31,               76, 
	             102,              102,              102,              102, 
	              68,               68,               68,               68, 
	              68,               68,               68,               68, 
	              71,               68,               68,               68, 
	             181,               68,               68,               68, 
	             215,               72,               68,               68, 
	             196,               74,               68,               68, 
	             196,               69,               68,               68, 
	             102,              102,              102,              102, 
	              68,               68,               68,               68, 
	              68,               68,               68,               68, 
	              68,               68,               68,               68, 
	              68,               68,               68,               68, 
	              68,               68,               68,              103, 
	              68,               68,               68,              102, 
	              68,               68,              116,              103, 
	             102,              102,                6,                0, 
	              68,              116,              103,                0, 
	              68,               68,               68,                6, 
	             103,               68,              116,              103, 
	             102,              118,               68,              100, 
	             102,              102,               68,              100, 
	             102,              102,              118,              100, 
	             102,              102,               68,              100, 
	              70,              196,              186,              171, 
	              70,               68,              253,              151, 
	              70,               68,              135,               90, 
	              70,               68,               68,               68, 
	              70,               68,               68,               68, 
	              70,               68,               68,               68, 
	              70,               68,               68,               68, 
	              70,               68,               68,               68, 
	             131,               69,               68,               68, 
	             165,               76,               68,               68, 
	             143,               26,               68,               68, 
	              68,               68,               68,               68, 
	              68,               68,               68,               68, 
	              68,               68,               68,               68, 
	              68,               68,               68,               68, 
	              68,               68,               68,               68, 
	              68,               68,               68,              119, 
	              68,               68,               68,              116, 
	              68,               68,               68,               68, 
	              68,               68,               68,               68, 
	              68,               68,               68,               68, 
	              68,               68,               68,               68, 
	              68,               68,               68,               68, 
	              68,               68,               68,               68, 
	             102,              118,               68,              100, 
	             103,               71,               68,              100, 
	              71,               68,               68,              100, 
	              68,               68,               68,              100, 
	              68,               68,               68,              100, 
	              68,               68,               68,              100, 
	              68,               68,               68,              100, 
	              68,               68,               68,              100, 
	              70,               68,               68,               68, 
	              70,               68,               68,               68, 
	              70,               68,               68,               68, 
	              70,               68,               68,               68, 
	              70,               68,               68,               68, 
	              70,               68,               68,               68, 
	              70,               68,               68,               68, 
	              70,               68,               68,               68, 
	              68,               68,               68,               68, 
	              68,               68,               68,               68, 
	              68,               68,               68,               68, 
	              68,               68,               68,               68, 
	              68,               68,               68,               68, 
	              68,               68,               68,               68, 
	              68,               68,               68,               68, 
	              68,               68,               68,               68, 
	              68,               68,               68,               68, 
	              68,               68,               68,               68, 
	              68,               68,               68,               68, 
	              68,               68,               68,               68, 
	              68,               68,               68,               68, 
	              68,               68,               68,               68, 
	              68,               68,               68,               68, 
	              68,               68,               68,               68, 
	              68,               68,               68,              100, 
	              68,               68,               68,              100, 
	              68,               68,               68,              100, 
	              68,               68,               68,              100, 
	              68,               68,               68,              100, 
	              68,               68,               68,              100, 
	              68,               68,               68,              100, 
	              68,               68,               68,              100, 
	              70,               68,               68,               68, 
	              70,               68,               68,               68, 
	              70,               68,               68,               68, 
	              70,               68,               68,               68, 
	              70,               68,               68,               68, 
	              70,               68,               68,               68, 
	              70,               68,               68,               68, 
	              70,               68,               68,               68, 
	              68,               68,               68,               68, 
	              68,               68,               68,               68, 
	              68,               68,               68,              100, 
	              68,               68,              116,              102, 
	              68,               68,              100,              102, 
	              68,              116,              102,              102, 
	              68,              100,              102,              102, 
	             116,              102,              102,              102, 
	              68,               68,               68,               68, 
	              68,               68,               68,               68, 
	             118,               68,               68,               68, 
	             102,               68,               68,               68, 
	              86,              118,               68,               68, 
	             102,              102,               68,               68, 
	             102,              102,              118,               68, 
	             102,              102,              102,               68, 
	              68,               68,               68,              100, 
	              68,               68,               68,              100, 
	              68,               68,               68,              100, 
	              68,               68,               68,              100, 
	              68,               68,               68,              100, 
	              68,               68,               68,              100, 
	              68,               68,               68,              100, 
	              68,               68,               68,              100, 
	              70,               68,               68,               68, 
	              70,               68,               68,               68, 
	              70,               68,               68,               68, 
	              70,               68,               68,               68, 
	              70,               68,               68,               68, 
	              70,               68,               68,               68, 
	              70,               68,               68,               68, 
	              70,               68,               68,               68, 
	              68,              166,              102,              102, 
	             116,              167,              102,              102, 
	              68,               68,              170,              102, 
	              68,               68,              164,              106, 
	              68,               68,               68,               85, 
	              68,               68,               68,               84, 
	              68,               68,               68,               68, 
	              68,               68,               68,               68, 
	             102,              102,              166,               68, 
	             102,              102,               69,               68, 
	             102,              162,               68,               68, 
	              86,               69,               68,               68, 
	              90,               68,               68,               68, 
	              69,               68,               68,               68, 
	              68,               68,               68,               68, 
	              68,               68,               68,               68, 
	              68,               68,               68,              100, 
	              68,               68,               68,              100, 
	              68,               68,               68,              100, 
	              68,               68,               68,              100, 
	              68,               68,               68,              100, 
	              68,               68,               68,              100, 
	              68,               68,               68,              100, 
	              68,               68,               68,              100, 
	              70,               68,               68,               68, 
	              70,               68,               68,               68, 
	              70,               68,               68,               68, 
	              70,               68,               68,               68, 
	              70,               68,               68,               68, 
	              70,               68,               68,               68, 
	              70,               68,               68,               68, 
	              70,               68,               68,               68, 
	              68,               68,               68,               68, 
	              68,               68,               68,               68, 
	              68,               68,               68,               68, 
	              68,               68,               68,               68, 
	              68,               68,               68,               68, 
	              68,               68,               68,               68, 
	              68,               68,               68,               68, 
	              68,               68,               68,               68, 
	              68,               68,               68,               68, 
	              68,               68,               68,               68, 
	              68,               68,               68,               68, 
	              68,               68,               68,               68, 
	              68,               68,               68,               68, 
	              68,               68,               68,               68, 
	              68,               68,               68,               68, 
	              68,               68,               68,               68, 
	              68,               68,               68,              100, 
	              68,               68,               68,              100, 
	              68,               68,               68,              100, 
	              68,               68,               68,              100, 
	              68,               68,               68,              100, 
	              68,               68,               68,              100, 
	              68,               68,               68,              100, 
	              68,               68,               68,              100, 
	              70,               68,               68,               68, 
	              70,               68,               68,               68, 
	              70,               68,               68,               68, 
	              70,               68,               68,               68, 
	              70,               68,               68,               68, 
	              70,               68,               68,               70, 
	              70,               68,              100,              102, 
	              70,              116,              102,              102, 
	              68,               68,               68,               68, 
	              68,               68,               68,               68, 
	              68,               68,               68,               68, 
	              68,               68,               68,               68, 
	              68,               68,               68,               68, 
	              68,               68,               68,               68, 
	              71,               68,               68,               68, 
	              70,               68,               68,               68, 
	              68,               68,               68,               68, 
	              68,               68,               68,               68, 
	              68,               68,               68,               68, 
	              68,               68,               68,               68, 
	              68,               68,               68,               20, 
	              68,               68,               20,              181, 
	              68,               68,              169,               65, 
	              68,               68,              184,               68, 
	              68,               68,               68,              100, 
	              68,               68,               68,              100, 
	              68,               68,               68,              100, 
	              68,               68,               68,              100, 
	             113,               68,               68,              100, 
	             171,               72,               68,              100, 
	             116,              133,               68,              100, 
	             116,               92,               68,              100, 
	              70,              100,              102,              102, 
	              70,              119,              102,              102, 
	              70,              116,              103,              102, 
	              70,               68,              119,               70, 
	             118,               68,              116,               71, 
	              96,               68,               68,               68, 
	               0,              118,               68,               68, 
	               0,               96,              102,              102, 
	             102,               71,               68,               68, 
	              70,               68,               68,               68, 
	              71,               68,               68,               68, 
	              68,               68,               68,               68, 
	              68,               68,               68,               68, 
	              68,               68,               68,               68, 
	              68,               68,               68,               68, 
	             102,              102,              102,              102, 
	              68,               68,              187,               28, 
	              68,               68,              172,              251, 
	              68,               68,               84,              123, 
	              68,               68,              116,              168, 
	              68,               68,               68,               68, 
	              68,               68,               68,               68, 
	              68,               68,               68,               68, 
	             102,              102,              102,              102, 
	              68,              172,               68,              100, 
	             133,              211,               68,              100, 
	              89,              202,               68,              100, 
	             250,              168,               65,              100, 
	              68,               68,               68,              100, 
	              68,               68,              116,                6, 
	              68,               68,              100,                0, 
	             102,              102,                6,                0, 
}; 


// --------------------------------------------------------------------------------------
// EOF
// --------------------------------------------------------------------------------------

