// --------------------------------------------------------------------------------------
/*! 

	Source file generated by a SGADE tool. For more information 
	visit http://jaap.flipcode.com/sgade/ or subscribe to 
	the mailing list at subscribe-sgade@yahoogroups.com.  

*/
// --------------------------------------------------------------------------------------


//! Data array generated by an SGADE tool
const u8 DPiqueSpriteAnimationData[ 1024 ] = { 

	               0,               96,              101,              101, 
	               0,              230,              255,              255, 
	              80,              255,              255,              255, 
	             245,              255,              255,              205, 
	             230,              239,              141,              169, 
	             245,              223,              199,              255, 
	             246,              175,              250,              255, 
	             245,              191,              216,              252, 
	             101,              101,              101,              101, 
	             255,              255,              255,              255, 
	             255,              255,              255,              255, 
	             254,              255,              255,              255, 
	             152,              239,              255,              254, 
	             158,              250,              255,              255, 
	             207,              247,              255,              255, 
	             207,              248,              239,              239, 
	             101,              101,              101,              101, 
	             255,              255,              255,              255, 
	             255,              255,              255,              255, 
	             255,              255,              255,              255, 
	             239,              255,              255,              255, 
	             255,              255,              255,              255, 
	             255,              255,              255,              159, 
	             255,              255,              255,               89, 
	             101,              101,                5,                0, 
	             255,              239,              111,                0, 
	             255,              255,              255,                5, 
	             223,              255,              255,              111, 
	             142,              255,              255,               95, 
	              89,              252,              255,              111, 
	              85,              197,              255,               95, 
	              85,               85,              252,              111, 
	             246,              207,              167,              121, 
	             245,              255,              136,              223, 
	             246,              255,              175,              135, 
	             245,              255,              255,              255, 
	             245,              255,              255,              255, 
	             245,              255,              255,              255, 
	             246,              254,              239,              255, 
	             245,              255,              255,              255, 
	             171,              248,              255,              255, 
	             120,              252,              255,              255, 
	             185,              199,              255,              254, 
	             255,              255,              255,              239, 
	             255,              255,              255,              255, 
	             239,              255,              255,              255, 
	             255,              239,              255,              239, 
	             255,              255,              239,              255, 
	             255,              255,              207,               85, 
	             255,              255,              175,               85, 
	             255,              255,              239,               87, 
	             255,              255,              255,              255, 
	             255,              255,              255,              190, 
	             255,              255,              255,              204, 
	             255,              255,              255,              255, 
	             255,              255,              255,              255, 
	              85,               85,              229,               95, 
	              85,               85,              197,              111, 
	             137,               87,              249,               95, 
	              92,              254,              255,              111, 
	              85,              199,              255,               95, 
	             204,              204,              253,              111, 
	             255,              255,              255,               95, 
	             255,              255,              255,              111, 
	             245,              255,              255,              254, 
	             245,              239,              255,              255, 
	             246,              255,              255,              255, 
	             245,              255,              239,              239, 
	             245,              239,              255,              255, 
	             245,              255,              255,              255, 
	             246,              255,              255,              255, 
	             229,              255,              255,              255, 
	             255,              255,              255,              255, 
	             239,              255,              255,              255, 
	             255,              255,              254,              255, 
	             255,              255,              255,              255, 
	             255,              255,              255,              255, 
	             255,              255,              255,              255, 
	             255,              255,              255,              255, 
	             255,              255,              255,              255, 
	             254,              239,              255,              254, 
	             255,              255,              255,              255, 
	             254,              255,              255,              255, 
	             239,              255,              239,              255, 
	             255,              255,              255,              255, 
	             255,              255,              255,              255, 
	             255,              255,              255,              255, 
	             255,              255,              255,              255, 
	             255,              255,              254,               95, 
	             239,              255,              255,              111, 
	             255,              255,              255,               95, 
	             254,              255,              254,              111, 
	             255,              255,              255,               95, 
	             255,              255,              255,              111, 
	             255,              255,              255,               95, 
	             255,              255,              255,              111, 
	             246,              239,              255,              255, 
	             245,              255,              255,              255, 
	             245,              255,              255,              255, 
	             245,              255,              255,              255, 
	             230,              255,              255,              255, 
	             245,              239,              255,              255, 
	             246,              255,              255,              255, 
	             245,              239,              255,              255, 
	             255,              255,              255,              255, 
	             255,              255,              255,              239, 
	             255,              255,              255,              175, 
	             255,              255,              255,               92, 
	             255,              255,              207,               85, 
	             255,              255,               92,               85, 
	             255,              175,               85,               85, 
	             255,               92,               85,               85, 
	             252,              255,              255,              255, 
	             245,              255,              255,              255, 
	             165,              255,              255,              255, 
	              85,              252,              255,              255, 
	              85,              197,              255,              255, 
	              85,               85,              252,              255, 
	              85,               85,              197,              255, 
	              85,               85,               85,              252, 
	             255,              255,              255,               95, 
	             255,              255,              255,              111, 
	             255,              255,              255,               95, 
	             255,              255,              255,              111, 
	             255,              255,              255,               95, 
	             255,              255,              255,              111, 
	             255,              255,              255,               95, 
	             255,              255,              255,              111, 
	             245,              255,              255,              255, 
	             246,              239,              255,              255, 
	             245,              255,              255,              255, 
	             245,              255,              255,              255, 
	             246,              255,              255,              255, 
	             245,              254,              255,              255, 
	             245,              255,              255,              255, 
	             246,              255,              254,              255, 
	             255,               87,               85,               85, 
	             223,               85,               85,               85, 
	             239,               85,               85,               85, 
	             255,               89,               85,              149, 
	             255,              175,              135,              219, 
	             255,              255,              255,              159, 
	             255,              255,              255,               91, 
	             255,              255,              158,               85, 
	              85,               85,               85,              247, 
	              85,               85,               85,              245, 
	              85,               85,               85,              245, 
	             149,               85,               85,              249, 
	             229,              123,              167,              255, 
	             149,              255,              255,              255, 
	              85,              252,              255,              255, 
	              85,              165,              254,              255, 
	             255,              255,              255,               95, 
	             255,              255,              255,              111, 
	             255,              255,              255,               95, 
	             255,              255,              255,              111, 
	             255,              255,              255,               95, 
	             255,              255,              255,              111, 
	             255,              255,              255,               95, 
	             255,              255,              255,              111, 
	             245,              255,              255,              255, 
	             245,              255,              255,              255, 
	             245,              255,              254,              255, 
	             245,              255,              255,              255, 
	             230,              255,              255,              255, 
	             245,              254,              239,              255, 
	             246,              255,              255,              239, 
	             245,              255,              255,              255, 
	             255,              190,              153,              153, 
	             255,              255,              255,              255, 
	             255,              255,              255,              255, 
	             255,              255,              255,              255, 
	             255,              255,              255,              255, 
	             255,              255,              255,              255, 
	             255,              239,              255,              254, 
	             255,              255,              255,              255, 
	             153,              153,              185,              254, 
	             255,              255,              255,              255, 
	             255,              255,              255,              255, 
	             255,              255,              255,              255, 
	             255,              255,              255,              255, 
	             239,              255,              255,              255, 
	             255,              255,              239,              255, 
	             255,              254,              255,              239, 
	             255,              255,              255,               95, 
	             255,              255,              255,              111, 
	             255,              255,              255,               95, 
	             255,              255,              255,              111, 
	             255,              255,              255,              110, 
	             255,              239,              255,               95, 
	             255,              255,              255,              111, 
	             255,              255,              255,              111, 
	             246,              254,              255,              255, 
	             245,              255,              255,              255, 
	             245,              255,              255,              255, 
	             245,              255,              255,              255, 
	             246,              255,              255,              239, 
	             245,              255,              255,              159, 
	             245,              255,              255,               89, 
	             245,              255,              159,               85, 
	             255,              255,              255,              255, 
	             255,              255,              255,              255, 
	             255,              255,              255,              255, 
	             253,              255,              255,              255, 
	             248,              255,              255,              255, 
	             197,              255,              255,              255, 
	              85,              252,              255,              255, 
	              85,              197,              255,              255, 
	             255,              255,              255,              255, 
	             255,              254,              255,              255, 
	             255,              255,              254,              239, 
	             255,              255,              255,              255, 
	             255,              254,              255,              223, 
	             255,              255,              223,              168, 
	             255,              239,              125,              252, 
	             255,              255,              170,              255, 
	             255,              254,              239,               95, 
	             255,              255,              255,              111, 
	             255,              255,              255,               95, 
	             254,              255,              254,              111, 
	             237,              255,              255,               95, 
	             121,              250,              255,              111, 
	             255,              168,              255,               95, 
	             255,              140,              255,              111, 
	             246,              255,               92,               85, 
	             245,              254,               90,               85, 
	             245,              255,              126,              149, 
	             246,              255,              255,              207, 
	             229,              255,              239,               91, 
	              96,              255,              207,              204, 
	               0,              229,              255,              254, 
	               0,               80,               86,               86, 
	              85,               85,              254,              255, 
	              85,               85,              252,              255, 
	             120,              149,              255,              255, 
	             229,              255,              255,              255, 
	             117,              252,              255,              255, 
	             204,              220,              255,              255, 
	             239,              255,              255,              239, 
	             101,               85,               85,              101, 
	             254,              255,              154,              220, 
	             255,              255,              124,              138, 
	             255,              255,              143,              234, 
	             239,              255,              239,              122, 
	             255,              255,              255,              255, 
	             255,              255,              255,              255, 
	             255,              239,              255,              255, 
	              85,              101,              101,               85, 
	             254,              124,              255,               95, 
	             169,              139,              254,              111, 
	             142,              199,              255,               95, 
	             151,              123,              252,              111, 
	             255,              255,              255,               95, 
	             254,              255,              239,                5, 
	             255,              255,              111,                0, 
	              85,               85,                5,                0, 
}; 

// --------------------------------------------------------------------------------------
// EOF
// --------------------------------------------------------------------------------------

