// --------------------------------------------------------------------------------------
/*! 

	Source file generated by a SGADE tool. For more information 
	visit http://jaap.flipcode.com/sgade/ or subscribe to 
	the mailing list at subscribe-sgade@yahoogroups.com.  

*/
// --------------------------------------------------------------------------------------


//! Data array generated by an SGADE tool
const u8 SphereAINormlSpriteAnimationData[ 4096 ] = { 

	               0,                0,                0,                0, 
	               0,                0,                0,                0, 
	               0,                0,                0,                0, 
	               0,                0,                0,                0, 
	               0,                0,                0,                0, 
	               0,                0,                0,                0, 
	               0,                0,                0,                0, 
	               0,                0,                0,                0, 
	               0,                0,                0,                0, 
	               0,                0,                0,                0, 
	               0,                0,                0,                0, 
	               0,                0,                0,                0, 
	               0,                0,                0,                0, 
	               0,                0,                0,                0, 
	               0,                0,                0,                0, 
	               0,                0,                0,                0, 
	               0,                0,                0,                0, 
	               0,                0,                0,                0, 
	               0,                0,                0,                0, 
	               0,                0,                0,                0, 
	               0,                0,                0,                0, 
	               0,                0,                0,                0, 
	               0,                0,                0,                0, 
	               0,                0,                0,                0, 
	               0,                0,                0,                0, 
	               0,                0,                0,              172, 
	               0,                0,                0,                0, 
	               0,              146,              131,              176, 
	               0,                0,                0,                0, 
	             137,              174,              153,              163, 
	               0,                0,                0,              182, 
	             152,              164,              180,              138, 
	               0,                0,                0,                0, 
	               0,                0,                0,                0, 
	               0,                0,                0,                0, 
	               0,              143,              177,              160, 
	               0,                0,              251,              186, 
	             179,              152,              153,              164, 
	             251,              185,              178,              152, 
	             129,              164,              180,              155, 
	             160,              152,              181,              142, 
	             180,              155,              138,              168, 
	             153,              163,              180,              168, 
	             168,              128,              167,              187, 
	             155,              168,              168,              187, 
	             167,              158,              139,              158, 
	             128,              167,              158,              139, 
	             157,              151,              157,              165, 
	             149,              134,              154,              160, 
	             129,              142,              180,              155, 
	             164,              142,              155,              150, 
	             138,              138,              138,              155, 
	             180,              155,              150,              138, 
	             138,              150,              168,              138, 
	             138,              168,              168,              128, 
	             168,              168,              168,              138, 
	             128,              187,              168,              187, 
	             128,              168,              128,              168, 
	             167,              167,              158,              167, 
	             187,              187,              128,              168, 
	             139,              139,              158,              139, 
	             158,              167,              167,              128, 
	             157,              151,              151,              139, 
	             158,              167,              187,              187, 
	             180,              142,              129,              144, 
	             148,              182,              135,              171, 
	             155,              180,              163,              164, 
	             153,              176,              144,              130, 
	             155,              155,              180,              163, 
	             164,              129,              176,              144, 
	             138,              150,              180,              180, 
	             142,              164,              129,              152, 
	             138,              138,              155,              180, 
	             163,              142,              164,              129, 
	             168,              138,              138,              150, 
	             155,              163,              142,              164, 
	             128,              168,              138,              150, 
	             150,              180,              163,              164, 
	             128,              168,              168,              138, 
	             150,              155,              180,              180, 
	               0,                0,                0,                0, 
	               0,                0,                0,                0, 
	             154,              186,              149,                0, 
	               0,                0,                0,                0, 
	             130,              179,              184,              182, 
	             141,              251,                0,                0, 
	             174,              160,              179,              184, 
	             154,              182,              140,              251, 
	             176,              174,              178,              161, 
	             179,              131,              132,              182, 
	             153,              176,              152,              144, 
	             130,              161,              148,              162, 
	             164,              129,              129,              176, 
	             178,              160,              130,              148, 
	             142,              164,              153,              176, 
	             152,              174,              160,              161, 
	               0,                0,                0,                0, 
	               0,                0,                0,                0, 
	               0,                0,                0,                0, 
	               0,                0,                0,                0, 
	               0,                0,                0,                0, 
	               0,                0,                0,                0, 
	               0,                0,                0,                0, 
	               0,                0,                0,                0, 
	             143,                0,                0,                0, 
	               0,                0,                0,                0, 
	             177,              186,              171,                0, 
	               0,                0,                0,                0, 
	             154,              162,              182,              146, 
	               0,                0,                0,                0, 
	             179,              154,              132,              182, 
	             141,                0,                0,                0, 
	               0,                0,                0,                0, 
	               0,                0,                0,                0, 
	               0,                0,                0,                0, 
	               0,                0,                0,                0, 
	               0,                0,                0,                0, 
	               0,                0,                0,                0, 
	               0,                0,                0,                0, 
	               0,                0,                0,                0, 
	               0,                0,                0,                0, 
	               0,                0,                0,                0, 
	               0,                0,                0,                0, 
	               0,                0,                0,                0, 
	               0,                0,                0,                0, 
	               0,                0,                0,                0, 
	               0,                0,                0,                0, 
	               0,                0,                0,                0, 
	               0,                0,                0,                0, 
	               0,                0,                0,                0, 
	               0,                0,                0,                0, 
	               0,                0,                0,                0, 
	               0,                0,                0,                0, 
	               0,                0,                0,                0, 
	               0,                0,                0,                0, 
	               0,                0,                0,              182, 
	               0,                0,                0,                0, 
	               0,                0,              172,              152, 
	               0,                0,                0,                0, 
	               0,              146,              144,              164, 
	               0,                0,                0,                0, 
	               0,              131,              153,              155, 
	               0,                0,                0,                0, 
	             135,              176,              163,              168, 
	               0,                0,              132,              129, 
	             164,              150,              128,              167, 
	               0,              154,              129,              142, 
	             138,              187,              167,              151, 
	             132,              129,              163,              168, 
	             128,              151,              157,              165, 
	             176,              164,              138,              128, 
	             151,              165,              188,              189, 
	             163,              150,              187,              139, 
	             157,              145,              166,              136, 
	             155,              128,              139,              165, 
	             145,              189,              136,              136, 
	             128,              139,              157,              145, 
	             189,              136,              136,              170, 
	             187,              151,              188,              166, 
	             136,              136,              156,              156, 
	             139,              157,              165,              165, 
	             165,              165,              165,              157, 
	             165,              188,              145,              166, 
	             166,              166,              145,              145, 
	             145,              166,              166,              166, 
	             189,              166,              166,              166, 
	             136,              136,              136,              136, 
	             136,              136,              136,              189, 
	             189,              136,              136,              136, 
	             136,              136,              136,              189, 
	             170,              156,              156,              156, 
	             170,              170,              136,              136, 
	             156,              156,              156,              156, 
	             156,              156,              170,              136, 
	             156,              147,              156,              175, 
	             156,              156,              156,              156, 
	             165,              157,              157,              151, 
	             139,              139,              158,              187, 
	             188,              188,              157,              157, 
	             157,              139,              158,              158, 
	             145,              145,              188,              157, 
	             157,              151,              139,              158, 
	             166,              145,              174,              132, 
	             132,              157,              151,              139, 
	             189,              166,              143,                0, 
	               0,              153,              151,              139, 
	             136,              168,                0,              143, 
	               0,              132,              157,              151, 
	             136,              130,                0,              142, 
	             143,                0,              187,              151, 
	             170,              143,                0,              166, 
	             179,                0,              144,              157, 
	             187,              168,              168,              168, 
	             138,              150,              180,              180, 
	             187,              187,              128,              168, 
	             138,              150,              150,              180, 
	             167,              187,              128,              168, 
	             168,              138,              150,              155, 
	             158,              167,              128,              128, 
	             179,              185,              150,              155, 
	             158,              167,              187,              128, 
	             133,                0,              138,              155, 
	             139,              158,              167,              187, 
	             133,                0,              138,              150, 
	             139,              158,              187,              128, 
	             133,                0,              138,              150, 
	             151,              158,              158,              187, 
	             133,                0,              168,              150, 
	             142,              164,              181,              153, 
	             176,              152,              144,              178, 
	             163,              142,              181,              153, 
	             129,              176,              152,              178, 
	             180,              163,              164,              181, 
	             153,              129,              176,              174, 
	             180,              163,              142,              164, 
	             153,              129,              176,              174, 
	             180,              163,              142,              164, 
	             181,              129,              129,              152, 
	             155,              180,              163,              164, 
	             181,              153,              176,              176, 
	             155,              163,              163,              164, 
	             164,              181,              129,              176, 
	             155,              180,              163,              142, 
	             181,              153,              129,              176, 
	             130,              179,              131,              132, 
	             177,              140,                0,                0, 
	             160,              161,              148,              154, 
	             177,              133,              140,                0, 
	             144,              130,              130,              148, 
	             154,              177,              133,              141, 
	             144,              178,              161,              148, 
	             184,              162,              182,              185, 
	             174,              178,              160,              179, 
	             179,              131,              132,              182, 
	             174,              144,              178,              130, 
	             148,              184,              154,              177, 
	             152,              178,              144,              160, 
	             161,              148,              131,              132, 
	             152,              174,              178,              160, 
	             161,              179,              148,              131, 
	               0,                0,                0,                0, 
	               0,                0,                0,                0, 
	               0,                0,                0,                0, 
	               0,                0,                0,                0, 
	               0,                0,                0,                0, 
	               0,                0,                0,                0, 
	             143,                0,                0,                0, 
	               0,                0,                0,                0, 
	             185,              149,                0,                0, 
	               0,                0,                0,                0, 
	             185,              186,              171,                0, 
	               0,                0,                0,                0, 
	             182,              134,              141,                0, 
	               0,                0,                0,                0, 
	             177,              185,              186,              149, 
	               0,                0,                0,                0, 
	               0,                0,                0,              251, 
	             130,              153,              155,              128, 
	               0,                0,                0,              185, 
	             176,              163,              138,              167, 
	               0,                0,                0,              160, 
	             153,              155,              128,              158, 
	               0,                0,              134,              176, 
	             142,              138,              187,              151, 
	               0,                0,              148,              153, 
	             180,              168,              167,              151, 
	               0,              143,              152,              164, 
	             150,              128,              158,              157, 
	               0,              182,              153,              163, 
	             168,              187,              139,              151, 
	               0,              178,              164,              155, 
	             168,              187,              158,              157, 
	             158,              165,              166,              166, 
	             136,              170,              156,              156, 
	             157,              188,              166,              136, 
	             170,              170,              156,              147, 
	             157,              188,              166,              136, 
	             136,              170,              156,              147, 
	             188,              166,              189,              136, 
	             170,              156,              156,              147, 
	             157,              145,              189,              136, 
	             136,              170,              156,              156, 
	             145,              145,              166,              189, 
	             136,              170,              156,              147, 
	             188,              145,              189,              136, 
	             136,              136,              170,              156, 
	             165,              145,              145,              166, 
	             136,              170,              136,              170, 
	             147,              175,              175,              175, 
	             175,              147,              156,              156, 
	             147,              175,              175,              175, 
	             175,              147,              147,              156, 
	             175,              175,              175,              175, 
	             175,              175,              156,              156, 
	             175,              175,              175,              175, 
	             175,              175,              147,              155, 
	             175,              175,              175,              175, 
	             175,              175,              147,              131, 
	             147,              175,              175,              175, 
	             147,              156,              156,                0, 
	             156,              147,              147,              147, 
	             147,              156,              153,                0, 
	             156,              156,              156,              156, 
	             156,              156,              185,                0, 
	             187,                0,              162,              189, 
	             168,                0,              135,              157, 
	             154,                0,              163,              166, 
	             145,                0,                0,              128, 
	               0,                0,              136,              189, 
	             166,              132,                0,              178, 
	               0,              130,              136,              189, 
	             166,              164,                0,              135, 
	               0,              134,              162,              162, 
	             162,              162,                0,                0, 
	             141,              162,              154,              132, 
	             132,              177,              134,                0, 
	             130,              136,              136,              166, 
	             145,              165,              150,                0, 
	             128,              189,              166,              166, 
	             145,              188,              157,              146, 
	             151,              158,              158,              187, 
	             182,                0,              168,              150, 
	             151,              139,              167,              167, 
	             182,                0,              138,              138, 
	             151,              139,              167,              187, 
	             182,                0,              168,              138, 
	             151,              139,              158,              167, 
	             133,                0,              138,              150, 
	             168,              158,              167,              187, 
	             182,                0,              168,              138, 
	             148,              139,              167,              187, 
	             182,                0,              138,              150, 
	             146,              139,              167,              187, 
	             182,                0,              168,              150, 
	               0,              142,              167,              128, 
	             133,                0,              138,              150, 
	             150,              180,              163,              142, 
	             181,              153,              129,              176, 
	             155,              180,              163,              142, 
	             164,              181,              129,              176, 
	             150,              180,              163,              142, 
	             164,              181,              129,              176, 
	             155,              155,              163,              142, 
	             181,              153,              129,              176, 
	             155,              180,              163,              142, 
	             164,              181,              153,              176, 
	             155,              180,              163,              142, 
	             181,              153,              129,              176, 
	             150,              180,              163,              142, 
	             164,              153,              129,              176, 
	             155,              180,              142,              142, 
	             181,              153,              129,              176, 
	             152,              174,              178,              178, 
	             130,              179,              184,              131, 
	             152,              174,              144,              160, 
	             160,              179,              148,              154, 
	             152,              144,              144,              160, 
	             130,              161,              179,              184, 
	             152,              174,              144,              178, 
	             130,              179,              148,              131, 
	             152,              144,              178,              178, 
	             130,              161,              179,              184, 
	             152,              174,              144,              160, 
	             160,              161,              179,              184, 
	             152,              144,              178,              160, 
	             130,              161,              179,              148, 
	             174,              174,              144,              160, 
	             130,              179,              148,              184, 
	             132,              182,              134,              137, 
	               0,                0,                0,                0, 
	             154,              177,              185,              186, 
	             146,                0,                0,                0, 
	             154,              177,              133,              186, 
	             190,                0,                0,                0, 
	             154,              132,              182,              134, 
	             172,              149,                0,                0, 
	             131,              183,              182,              185, 
	             135,              141,                0,                0, 
	             154,              162,              177,              185, 
	             172,              140,              171,                0, 
	             131,              162,              132,              182, 
	             134,              137,              149,                0, 
	             131,              162,              177,              133, 
	             173,              172,              141,                0, 
	             159,              181,              180,              138, 
	             128,              158,              139,              151, 
	             134,              163,              155,              168, 
	             128,              187,              139,              157, 
	             162,              155,              138,              168, 
	             187,              187,              139,              139, 
	             160,              150,              138,              168, 
	             164,              182,              154,              151, 
	             176,              138,              168,              138, 
	             152,                0,                0,              129, 
	             164,              155,              168,              128, 
	             174,                0,                0,              146, 
	             180,              155,              138,              168, 
	             174,                0,              137,                0, 
	             180,              155,              150,              138, 
	             144,                0,              174,              135, 
	             165,              188,              145,              166, 
	             166,              136,              136,              136, 
	             165,              188,              145,              145, 
	             189,              189,              136,              136, 
	             151,              157,              188,              188, 
	             145,              166,              189,              136, 
	             151,              157,              157,              188, 
	             188,              145,              152,              132, 
	             151,              157,              157,              165, 
	             165,              188,              162,                0, 
	             158,              139,              151,              157, 
	             165,              165,              132,                0, 
	             131,              158,              139,              139, 
	             151,              157,              132,                0, 
	               0,              142,              158,              139, 
	             139,              151,              177,                0, 
	             136,              170,              156,              170, 
	             170,              165,                0,              143, 
	             136,              136,              136,              136, 
	             136,              176,                0,              176, 
	             136,              136,              136,              136, 
	             136,              136,              189,              189, 
	             166,              189,              189,              189, 
	             166,              166,              166,              145, 
	             145,              166,              166,              166, 
	             166,              145,              145,              188, 
	             188,              188,              188,              145, 
	             188,              188,              188,              188, 
	             165,              165,              165,              165, 
	             188,              165,              157,              157, 
	             157,              157,              157,              165, 
	             128,              148,              132,              177, 
	             136,              189,              166,              145, 
	             188,              165,              157,              148, 
	             166,              166,              145,              188, 
	             165,              157,              151,              163, 
	             166,              145,              188,              188, 
	             165,              157,              151,              139, 
	             145,              145,              188,              157, 
	             151,              151,              139,              158, 
	             188,              165,              165,              157, 
	             151,              139,              158,              167, 
	             165,              157,              157,              151, 
	             139,              158,              158,              167, 
	             157,              151,              151,              139, 
	             139,              167,              167,              187, 
	             178,              139,              139,              158, 
	             167,              138,              174,              155, 
	               0,              184,              167,              128, 
	             133,                0,              138,              155, 
	               0,              149,              187,              128, 
	             133,                0,              138,              150, 
	             158,              187,              128,              168, 
	             168,              138,              150,              155, 
	             167,              187,              128,              128, 
	             168,              138,              150,              155, 
	             167,              187,              168,              168, 
	             138,              150,              155,              155, 
	             128,              128,              168,              138, 
	             138,              150,              155,              163, 
	             128,              128,              168,              138, 
	             150,              155,              180,              163, 
	             180,              162,              179,              150, 
	             176,              130,              180,              161, 
	             155,              180,              142,              164, 
	             181,              153,              176,              176, 
	             180,              163,              142,              164, 
	             181,              129,              129,              152, 
	             180,              163,              142,              181, 
	             181,              129,              176,              152, 
	             163,              142,              164,              164, 
	             153,              129,              176,              152, 
	             163,              142,              164,              181, 
	             153,              129,              176,              152, 
	             163,              142,              181,              153, 
	             129,              176,              152,              174, 
	             142,              164,              181,              153, 
	             129,              152,              174,              144, 
	             134,              135,              162,              129, 
	             176,              183,              172,              137, 
	             174,              144,              178,              160, 
	             130,              161,              179,              131, 
	             174,              144,              178,              160, 
	             130,              179,              148,              184, 
	             174,              178,              178,              130, 
	             161,              179,              148,              131, 
	             144,              144,              160,              130, 
	             161,              141,              134,              184, 
	             144,              178,              160,              130, 
	             161,                0,              141,              131, 
	             144,              178,              160,              161, 
	             179,                0,              143,              131, 
	             178,              160,              160,              161, 
	             179,                0,              141,              154, 
	             185,              179,              161,              161, 
	             179,                0,              143,              154, 
	             131,              162,              183,              182, 
	             185,              186,              190,              251, 
	             131,              162,              177,              182, 
	             133,              186,              190,              159, 
	             131,              154,              132,              182, 
	             169,              185,              172,              146, 
	             154,              162,              177,              182, 
	             133,              173,              186,              143, 
	             154,              162,              183,              182, 
	             169,              173,              173,              140, 
	             154,              162,              182,              182, 
	             169,              185,              173,              172, 
	             162,              183,              177,              169, 
	             185,              186,              186,              172, 
	             162,              183,              177,              182, 
	             169,              185,              186,              172, 
	             180,              155,              150,              138, 
	             144,                0,              144,              164, 
	             142,              163,              180,              150, 
	             178,                0,              144,              168, 
	             129,              163,              180,              155, 
	             178,                0,              144,              168, 
	             144,              164,              163,              163, 
	             160,                0,              160,              138, 
	             148,              153,              181,              142, 
	             160,                0,              178,              150, 
	             133,              176,              153,              181, 
	             179,                0,              130,              155, 
	             140,              144,              152,              153, 
	             179,                0,              161,              180, 
	             159,              160,              174,              152, 
	             148,                0,              161,              142, 
	               0,              149,              167,              158, 
	             158,              139,              177,                0, 
	             154,                0,              131,              167, 
	             167,              167,              182,                0, 
	             168,              146,                0,              164, 
	             187,              167,              182,                0, 
	             168,              153,                0,              149, 
	             128,              128,              182,                0, 
	             150,              168,              133,                0, 
	             161,              168,              133,                0, 
	             150,              150,              142,              149, 
	               0,              180,              133,                0, 
	             155,              155,              150,              148, 
	               0,              140,              133,                0, 
	             180,              155,              155,              150, 
	             137,                0,                0,                0, 
	             151,              151,              151,              153, 
	               0,              146,              177,              135, 
	             139,              139,              163,                0, 
	             135,              168,              158,              158, 
	             167,              167,              182,                0, 
	             138,              167,              167,              167, 
	             167,              167,                0,              135, 
	             187,              187,              187,              187, 
	             128,              128,                0,              182, 
	             187,              128,              128,              168, 
	             168,              168,                0,              133, 
	             168,              168,              168,              168, 
	             168,              168,              149,              149, 
	             168,              138,              168,              138, 
	             150,              150,              162,                0, 
	             176,              138,              150,              150, 
	               0,              146,              168,              167, 
	             187,              152,                0,              161, 
	             142,                0,              149,              187, 
	             128,              174,                0,                0, 
	             167,              130,                0,              152, 
	             128,              144,                0,              140, 
	             128,              155,                0,              162, 
	             168,              144,                0,              178, 
	             128,              168,                0,              185, 
	             138,              178,                0,              160, 
	             168,              168,                0,              133, 
	             138,              160,                0,              130, 
	             150,              129,                0,              132, 
	             150,              160,                0,              161, 
	             150,              134,                0,              176, 
	             180,              130,                0,              130, 
	             149,                0,              133,              155, 
	             185,                0,              185,              159, 
	             133,              142,              155,              155, 
	             185,                0,              135,              164, 
	             138,              150,              155,              180, 
	             134,                0,              129,              181, 
	             150,              155,              180,              163, 
	             134,                0,              181,              181, 
	             155,              180,              163,              142, 
	             134,                0,              181,              153, 
	             180,              163,              142,              142, 
	             135,                0,              153,              153, 
	             163,              163,              164,              164, 
	             135,                0,              129,              176, 
	             142,              164,              164,              181, 
	             135,                0,              176,              176, 
	             185,              149,                0,              172, 
	             159,              159,              135,              146, 
	             181,              153,              159,                0, 
	             143,              174,              144,              178, 
	             181,              153,              135,                0, 
	             160,              144,              144,              160, 
	             129,              176,              135,                0, 
	             174,              144,              178,              160, 
	             129,              176,              172,                0, 
	             144,              178,              160,              160, 
	             129,              152,              137,                0, 
	             144,              178,              160,              161, 
	             176,              152,              137,                0, 
	             178,              160,              130,              161, 
	             152,              174,              137,                0, 
	             160,              130,              130,              179, 
	               0,              159,              161,              179, 
	             179,                0,              141,              154, 
	             143,                0,              177,              179, 
	             184,                0,              143,              154, 
	             183,                0,              182,              179, 
	             148,                0,              143,              162, 
	             177,                0,              182,              184, 
	             131,                0,              146,              162, 
	             177,                0,              182,              148, 
	             131,                0,              143,              183, 
	             177,                0,              133,              131, 
	             131,                0,              146,              177, 
	             182,                0,              169,              131, 
	             154,                0,              143,              177, 
	             182,                0,              185,              154, 
	             154,                0,              146,              182, 
	             162,              177,              177,              133, 
	             185,              173,              186,              172, 
	             183,              183,              182,              169, 
	             173,              186,              172,              190, 
	             177,              182,              169,              185, 
	             173,              172,              190,              140, 
	             183,              177,              169,              185, 
	             186,              172,              190,              143, 
	             182,              182,              185,              134, 
	             172,              190,              141,              146, 
	             182,              169,              185,              186, 
	             172,              140,              141,              233, 
	             169,              185,              173,              186, 
	             137,              140,              143,              171, 
	             133,              185,              186,              190, 
	             140,              143,              146,                0, 
	               0,              162,              130,              144, 
	             184,                0,              161,              142, 
	               0,              135,              179,              160, 
	             154,                0,              148,              181, 
	               0,              149,              131,              179, 
	             144,              174,              176,              153, 
	               0,                0,              182,              184, 
	             161,              178,              152,              129, 
	               0,                0,              141,              154, 
	             179,              160,              178,              152, 
	               0,                0,                0,              177, 
	             131,              179,              160,              174, 
	               0,                0,                0,              141, 
	             162,              148,              161,              178, 
	               0,                0,                0,                0, 
	             133,              154,              184,              179, 
	             142,              163,              163,              180, 
	             164,                0,                0,                0, 
	             164,              142,              163,              163, 
	             163,              184,                0,                0, 
	             164,              164,              164,              142, 
	             142,              163,              163,              142, 
	             129,              129,              181,              181, 
	             164,              164,              142,              142, 
	             129,              129,              181,              153, 
	             181,              181,              181,              164, 
	             152,              129,              176,              153, 
	             129,              153,              181,              153, 
	             144,              174,              152,              129, 
	             176,              176,              129,              129, 
	             160,              174,              174,              174, 
	             152,              176,              176,              176, 
	             155,              155,              164,              149, 
	             149,              152,              155,              155, 
	             155,              180,              155,              152, 
	             149,                0,                0,                0, 
	             163,              163,              163,              163, 
	             163,              130,              161,              130, 
	             142,              142,              142,              142, 
	             142,              164,              142,              164, 
	             181,              164,              164,              164, 
	             164,              164,              164,              164, 
	             181,              153,              153,              153, 
	             181,              153,              153,              153, 
	             129,              129,              153,              129, 
	             129,              129,              129,              129, 
	             176,              129,              176,              176, 
	             129,              176,              176,              176, 
	             184,                0,              134,              163, 
	             163,              130,                0,              179, 
	               0,              134,              142,              163, 
	             142,              179,                0,              179, 
	             144,              142,              142,              164, 
	             164,              164,              181,              181, 
	             164,              164,              181,              181, 
	             181,              153,              153,              129, 
	             181,              181,              181,              153, 
	             153,              129,              129,              176, 
	             153,              129,              129,              129, 
	             176,              176,              176,              152, 
	             129,              129,              176,              176, 
	             176,              152,              152,              152, 
	             176,              152,              152,              152, 
	             174,              174,              144,              144, 
	             164,              181,              181,              153, 
	             135,                0,              152,              174, 
	             153,              153,              129,              129, 
	             172,                0,              152,              174, 
	             153,              153,              129,              176, 
	             176,              174,              174,              144, 
	             129,              176,              152,              152, 
	             174,              174,              144,              178, 
	             176,              152,              152,              174, 
	             144,              178,              178,              160, 
	             174,              152,              144,              144, 
	             178,              178,              160,              160, 
	             144,              144,              178,              178, 
	             160,              160,              130,              161, 
	             144,              178,              178,              160, 
	             130,              161,              161,              161, 
	             174,              144,              137,                0, 
	             160,              161,              161,              179, 
	             144,              144,              140,                0, 
	             130,              161,              148,              148, 
	             178,              178,              160,              161, 
	             161,              179,              148,              184, 
	             160,              130,              161,              161, 
	             179,              179,              184,              131, 
	             160,              130,              161,              179, 
	             148,              184,              184,              131, 
	             161,              161,              179,              148, 
	             184,              184,              131,              162, 
	             179,              179,              148,              184, 
	             131,              154,              154,              162, 
	             179,              148,              184,              184, 
	             131,              154,              162,              162, 
	             133,                0,              185,              154, 
	             162,                0,              146,              182, 
	             133,                0,              185,              162, 
	             183,                0,              149,              185, 
	             184,              154,              162,              183, 
	             183,              177,              169,              185, 
	             154,              154,              162,              183, 
	             182,              169,              169,              173, 
	             162,              183,              183,              177, 
	             182,              169,              185,              173, 
	             162,              183,              177,              177, 
	             182,              173,              173,              186, 
	             162,              183,              182,              169, 
	             169,              134,              186,              172, 
	             177,              182,              169,              185, 
	             185,              186,              172,              190, 
	             185,              173,              186,              137, 
	             141,              254,              159,                0, 
	             185,              173,              172,              140, 
	             143,              254,              171,                0, 
	             173,              186,              137,              140, 
	             143,              212,              251,                0, 
	             172,              190,              141,              143, 
	             146,              159,                0,                0, 
	             186,              172,              140,              146, 
	             220,              251,                0,                0, 
	             140,              141,              254,              149, 
	             159,                0,                0,                0, 
	             137,              141,              254,              149, 
	             251,                0,                0,                0, 
	             141,              143,              146,              220, 
	               0,                0,                0,                0, 
	               0,                0,                0,                0, 
	             146,              132,              131,              148, 
	               0,                0,                0,                0, 
	               0,              135,              132,              131, 
	               0,                0,                0,                0, 
	               0,              171,              133,              162, 
	               0,                0,                0,                0, 
	               0,                0,              146,              133, 
	               0,                0,                0,                0, 
	               0,                0,                0,              141, 
	               0,                0,                0,                0, 
	               0,                0,                0,                0, 
	               0,                0,                0,                0, 
	               0,                0,                0,                0, 
	               0,                0,                0,                0, 
	               0,                0,                0,                0, 
	             161,              160,              178,              144, 
	             174,              174,              174,              152, 
	             148,              161,              160,              178, 
	             178,              144,              174,              174, 
	             131,              148,              179,              130, 
	             160,              160,              178,              144, 
	             132,              154,              148,              179, 
	             161,              130,              130,              130, 
	             182,              177,              154,              131, 
	             148,              179,              161,              161, 
	             141,              182,              177,              162, 
	             131,              184,              179,              179, 
	               0,              140,              133,              182, 
	             132,              162,              131,              184, 
	               0,                0,              141,              185, 
	             182,              183,              132,              162, 
	             152,              152,              152,              152, 
	             152,              174,              152,              174, 
	             144,              174,              174,              144, 
	             174,              174,              144,              174, 
	             178,              178,              144,              144, 
	             144,              144,              178,              178, 
	             160,              178,              178,              160, 
	             160,              160,              160,              160, 
	             130,              130,              130,              130, 
	             130,              160,              130,              130, 
	             179,              179,              161,              161, 
	             161,              161,              161,              161, 
	             148,              148,              148,              179, 
	             148,              148,              179,              179, 
	             154,              131,              184,              184, 
	             184,              184,              184,              184, 
	             174,              174,              174,              144, 
	             144,              144,              178,              178, 
	             174,              144,              178,              144, 
	             178,              178,              160,              160, 
	             178,              178,              160,              160, 
	             160,              160,              130,              130, 
	             160,              160,              160,              130, 
	             161,              161,              161,              161, 
	             130,              161,              130,              161, 
	             161,              179,              179,              179, 
	             179,              161,              179,              179, 
	             179,              179,              184,              184, 
	             148,              148,              148,              184, 
	             184,              184,              184,              131, 
	             184,              184,              184,              184, 
	             131,              131,              131,              131, 
	             178,              160,              160,              130, 
	             130,              179,              179,              148, 
	             130,              130,              161,              161, 
	             179,              179,              148,              148, 
	             161,              161,              179,              179, 
	             148,              184,              184,              184, 
	             179,              179,              179,              184, 
	             148,              184,              131,              154, 
	             148,              184,              148,              131, 
	             131,              154,              154,              162, 
	             184,              184,              131,              131, 
	             154,              154,              162,              183, 
	             131,              154,              154,              154, 
	             162,              162,              183,              177, 
	             154,              154,              162,              183, 
	             183,              177,              177,              182, 
	             184,              184,              131,              154, 
	             154,              162,              183,              177, 
	             184,              131,              154,              154, 
	             162,              183,              177,              177, 
	             131,              154,              162,              183, 
	             183,              177,              182,              182, 
	             154,              162,              183,              183, 
	             177,              177,              169,              169, 
	             162,              183,              183,              177, 
	             182,              182,              173,              173, 
	             183,              177,              182,              182, 
	             169,              173,              185,              186, 
	             177,              182,              169,              185, 
	             185,              186,              186,              172, 
	             182,              169,              185,              173, 
	             186,              134,              172,              190, 
	             177,              182,              169,              173, 
	             173,              172,              190,              141, 
	             169,              185,              185,              173, 
	             172,              190,              140,              141, 
	             169,              185,              186,              172, 
	             172,              140,              141,              143, 
	             185,              186,              186,              172, 
	             140,              141,              254,              212, 
	             134,              172,              137,              140, 
	             141,              143,              149,              159, 
	             172,              190,              190,              141, 
	             143,              149,              220,              251, 
	             190,              141,              141,              146, 
	             254,              149,              233,                0, 
	             141,              141,              146,              212, 
	             159,              251,                0,                0, 
	             141,              146,              159,              251, 
	               0,                0,                0,                0, 
	             149,              212,              233,                0, 
	               0,                0,                0,                0, 
	             212,              171,                0,                0, 
	               0,                0,                0,                0, 
	             159,              251,                0,                0, 
	               0,                0,                0,                0, 
	               0,                0,                0,                0, 
	               0,                0,                0,                0, 
	               0,                0,                0,                0, 
	               0,                0,                0,                0, 
	               0,                0,                0,                0, 
	               0,                0,                0,                0, 
	               0,                0,                0,                0, 
	               0,                0,                0,                0, 
	               0,                0,                0,                0, 
	               0,                0,                0,                0, 
	               0,                0,                0,                0, 
	               0,                0,                0,                0, 
	               0,                0,                0,                0, 
	               0,                0,                0,                0, 
	               0,                0,                0,                0, 
	               0,                0,                0,                0, 
	               0,                0,                0,                0, 
	               0,                0,                0,                0, 
	               0,                0,                0,                0, 
	               0,                0,                0,                0, 
	               0,                0,                0,                0, 
	               0,                0,                0,                0, 
	               0,                0,                0,                0, 
	               0,                0,                0,                0, 
	               0,                0,                0,              146, 
	             134,              133,              177,              177, 
	               0,                0,                0,                0, 
	             159,              135,              134,              133, 
	               0,                0,                0,                0, 
	               0,              251,              141,              135, 
	               0,                0,                0,                0, 
	               0,                0,                0,              159, 
	               0,                0,                0,                0, 
	               0,                0,                0,                0, 
	               0,                0,                0,                0, 
	               0,                0,                0,                0, 
	               0,                0,                0,                0, 
	               0,                0,                0,                0, 
	               0,                0,                0,                0, 
	               0,                0,                0,                0, 
	             132,              154,              154,              131, 
	             154,              131,              154,              184, 
	             177,              182,              177,              183, 
	             154,              162,              162,              162, 
	             134,              185,              133,              133, 
	             182,              177,              177,              177, 
	             137,              135,              186,              134, 
	             185,              133,              133,              133, 
	               0,              149,              140,              135, 
	             172,              186,              173,              173, 
	               0,                0,                0,              171, 
	             143,              137,              137,              172, 
	               0,                0,                0,                0, 
	               0,              251,              149,              141, 
	               0,                0,                0,                0, 
	               0,                0,                0,                0, 
	             154,              131,              131,              131, 
	             154,              162,              162,              162, 
	             154,              183,              162,              162, 
	             162,              162,              183,              183, 
	             132,              183,              177,              177, 
	             183,              183,              177,              177, 
	             177,              182,              177,              177, 
	             182,              182,              182,              169, 
	             134,              169,              133,              185, 
	             169,              169,              169,              185, 
	             186,              186,              173,              185, 
	             185,              173,              185,              173, 
	             137,              172,              186,              172, 
	             186,              186,              134,              172, 
	               0,              171,              149,              141, 
	             140,              172,              190,              172, 
	             183,              183,              183,              177, 
	             177,              177,              182,              169, 
	             183,              177,              177,              182, 
	             182,              185,              185,              173, 
	             177,              182,              182,              185, 
	             169,              185,              173,              186, 
	             169,              169,              185,              185, 
	             134,              186,              186,              172, 
	             173,              173,              173,              186, 
	             186,              172,              137,              250, 
	             173,              173,              186,              172, 
	             140,              140,              141,              141, 
	             172,              199,              190,              190, 
	             141,              141,              146,              254, 
	             172,              137,              140,              205, 
	             146,              233,              171,                0, 
	             185,              185,              173,              186, 
	             172,              190,              140,              141, 
	             173,              186,              172,              172, 
	             140,              140,              143,              143, 
	             172,              172,              137,              140, 
	             141,              141,              146,              212, 
	             137,              140,              141,              141, 
	             254,              149,              212,              159, 
	             140,              141,              254,              146, 
	             149,              159,              251,                0, 
	             146,              146,              149,              159, 
	             251,                0,                0,                0, 
	             159,              233,                0,                0, 
	               0,                0,                0,                0, 
	               0,                0,                0,                0, 
	               0,                0,                0,                0, 
	             143,              254,              149,              220, 
	             251,                0,                0,                0, 
	             254,              149,              220,              251, 
	               0,                0,                0,                0, 
	             159,              171,                0,                0, 
	               0,                0,                0,                0, 
	             251,                0,                0,                0, 
	               0,                0,                0,                0, 
	               0,                0,                0,                0, 
	               0,                0,                0,                0, 
	               0,                0,                0,                0, 
	               0,                0,                0,                0, 
	               0,                0,                0,                0, 
	               0,                0,                0,                0, 
	               0,                0,                0,                0, 
	               0,                0,                0,                0, 
	               0,                0,                0,                0, 
	               0,                0,                0,                0, 
	               0,                0,                0,                0, 
	               0,                0,                0,                0, 
	               0,                0,                0,                0, 
	               0,                0,                0,                0, 
	               0,                0,                0,                0, 
	               0,                0,                0,                0, 
	               0,                0,                0,                0, 
	               0,                0,                0,                0, 
	               0,                0,                0,                0, 
	               0,                0,                0,                0, 
	               0,                0,                0,                0, 
	               0,                0,                0,                0, 
	               0,                0,                0,                0, 
	               0,                0,                0,                0, 
}; 



//! SoSpriteAnimation instance;
const SoSpriteAnimation SphereAINormlSpriteAnimation = { false, 64, 64, 1, (u8*) SphereAINormlSpriteAnimationData };

// --------------------------------------------------------------------------------------
// EOF
// --------------------------------------------------------------------------------------

