// --------------------------------------------------------------------------------------
/*! 

	Source file generated by a SGADE tool. For more information 
	visit http://jaap.flipcode.com/sgade/ or subscribe to 
	the mailing list at subscribe-sgade@yahoogroups.com.  

*/
// --------------------------------------------------------------------------------------


//! Data array generated by an SGADE tool
const u8 SpherePlayerSpriteAnimationData[ 4096 ] = { 

	               0,                0,                0,                0, 
	               0,                0,                0,                0, 
	               0,                0,                0,                0, 
	               0,                0,                0,                0, 
	               0,                0,                0,                0, 
	               0,                0,                0,                0, 
	               0,                0,                0,                0, 
	               0,                0,                0,                0, 
	               0,                0,                0,                0, 
	               0,                0,                0,                0, 
	               0,                0,                0,                0, 
	               0,                0,                0,                0, 
	               0,                0,                0,                0, 
	               0,                0,                0,                0, 
	               0,                0,                0,                0, 
	               0,                0,                0,                0, 
	               0,                0,                0,                0, 
	               0,                0,                0,                0, 
	               0,                0,                0,                0, 
	               0,                0,                0,                0, 
	               0,                0,                0,                0, 
	               0,                0,                0,                0, 
	               0,                0,                0,                0, 
	               0,                0,                0,                0, 
	               0,                0,                0,                0, 
	               0,                0,                0,               39, 
	               0,                0,                0,                0, 
	               0,               24,                4,               22, 
	               0,                0,                0,                0, 
	               8,               35,               54,               52, 
	               0,                0,                0,                6, 
	              22,               19,               57,               11, 
	               0,                0,                0,                0, 
	               0,                0,                0,                0, 
	               0,                0,                0,                0, 
	               0,               16,               32,               36, 
	               0,                0,              251,               39, 
	               4,               22,               51,               19, 
	             251,                7,               53,               17, 
	              51,               19,               30,               57, 
	               3,               17,                2,               52, 
	              57,               15,               11,               37, 
	              54,               30,               15,               11, 
	              37,                1,               37,                1, 
	              15,               11,                1,               25, 
	              25,               31,               31,               18, 
	               1,               25,               25,               18, 
	              62,               62,               12,               18, 
	              24,               39,               29,                3, 
	              17,               52,               15,               15, 
	               2,               19,               30,               57, 
	              63,               63,               15,               63, 
	              52,               15,               63,               63, 
	              63,               11,               63,               11, 
	              63,               11,               37,               11, 
	              37,               11,               11,               11, 
	              11,               37,                1,               25, 
	              25,                1,               37,               37, 
	              25,               25,               31,                1, 
	              25,               25,                1,               37, 
	              31,               31,               31,               31, 
	              25,               25,               25,                1, 
	              62,               18,               31,               31, 
	              31,               25,               25,               25, 
	              57,               30,                2,               28, 
	              23,               61,               13,               33, 
	              15,               30,               52,               54, 
	               2,               17,               22,               36, 
	              63,               15,               15,               52, 
	              52,                2,               17,               35, 
	              63,               63,               57,               57, 
	              19,               19,                2,               17, 
	              11,               11,               15,               15, 
	              30,               19,               54,                2, 
	              37,               11,               11,               63, 
	              57,               57,               52,               19, 
	              37,               11,               11,               63, 
	              15,               15,               30,               52, 
	               1,                1,               37,               11, 
	              63,               15,               57,               30, 
	               0,                0,                0,                0, 
	               0,                0,                0,                0, 
	              56,               39,               24,                0, 
	               0,                0,                0,                0, 
	              36,               23,                4,               32, 
	              14,              251,                0,                0, 
	              28,               53,               60,                4, 
	              29,                6,               14,              251, 
	              22,               28,               35,                3, 
	              23,                4,                5,                6, 
	              54,               51,               22,               35, 
	              53,               60,               55,               29, 
	              19,                2,               51,               28, 
	              35,                3,               36,                4, 
	              19,               54,                2,                2, 
	              17,               28,               53,               36, 
	               0,                0,                0,                0, 
	               0,                0,                0,                0, 
	               0,                0,                0,                0, 
	               0,                0,                0,                0, 
	               0,                0,                0,                0, 
	               0,                0,                0,                0, 
	               0,                0,                0,                0, 
	               0,                0,                0,                0, 
	              16,                0,                0,                0, 
	               0,                0,                0,                0, 
	              38,                8,               42,                0, 
	               0,                0,                0,                0, 
	              44,                5,               61,               21, 
	               0,                0,                0,                0, 
	              23,               44,                5,               32, 
	              46,                0,                0,                0, 
	               0,                0,                0,                0, 
	               0,                0,                0,                0, 
	               0,                0,                0,                0, 
	               0,                0,                0,                0, 
	               0,                0,                0,                0, 
	               0,                0,                0,                0, 
	               0,                0,                0,                0, 
	               0,                0,                0,                0, 
	               0,                0,                0,                0, 
	               0,                0,                0,                0, 
	               0,                0,                0,                0, 
	               0,                0,                0,                0, 
	               0,                0,                0,                0, 
	               0,                0,                0,                0, 
	               0,                0,                0,                0, 
	               0,                0,                0,                0, 
	               0,                0,                0,                0, 
	               0,                0,                0,                0, 
	               0,                0,                0,                0, 
	               0,                0,                0,                0, 
	               0,                0,                0,                0, 
	               0,                0,                0,                0, 
	               0,                0,                0,                0, 
	               0,                0,                0,                6, 
	               0,                0,                0,                0, 
	               0,                0,                8,               17, 
	               0,                0,                0,                0, 
	               0,               21,               35,               19, 
	               0,                0,                0,                0, 
	               0,                4,                2,               57, 
	               0,                0,                0,                0, 
	               8,               17,               30,               11, 
	               0,                0,                5,               51, 
	              52,               63,                1,               25, 
	               0,                5,               51,               52, 
	              11,               25,               31,               31, 
	               5,               51,               57,               63, 
	               1,               31,               12,               40, 
	              51,               30,               63,               25, 
	              31,               12,               40,               40, 
	              19,               11,                1,               18, 
	              18,               40,               26,               26, 
	              63,                1,               31,               40, 
	              40,               26,                9,               43, 
	              37,               31,               31,               40, 
	              26,               43,               43,               43, 
	              31,               31,               40,               26, 
	              26,               43,               43,               34, 
	              18,               62,               62,               12, 
	              12,               12,               40,               12, 
	              62,               62,               40,               12, 
	              26,               40,               40,               40, 
	              40,               40,                9,               26, 
	              26,               26,               26,               26, 
	               9,                9,                9,                9, 
	               9,               26,               26,               26, 
	              43,                9,               43,                9, 
	              43,                9,                9,               26, 
	              43,               43,               43,               34, 
	              43,               43,                9,               43, 
	              34,               27,               34,               27, 
	              34,               34,               43,               43, 
	              27,               27,               27,               27, 
	              27,               34,               34,               43, 
	              12,               12,               62,               18, 
	              18,               31,               25,               25, 
	              12,               12,               62,               62, 
	              18,               31,               31,               25, 
	              40,               40,               40,               62, 
	              62,               18,               31,               31, 
	              26,               40,               40,               40, 
	              12,               62,               18,               31, 
	              26,               26,               40,               40, 
	              12,               12,               18,               18, 
	               9,               26,               40,               40, 
	              12,               62,               62,               18, 
	               9,                9,               26,               26, 
	              40,               12,               62,               18, 
	              43,                9,               26,               40, 
	              40,               40,               62,               62, 
	              25,               37,               37,               11, 
	              11,               63,               15,               57, 
	              25,               25,               37,               37, 
	              11,               63,               15,               57, 
	              25,               25,                1,               37, 
	              11,               11,               63,               15, 
	              25,               25,               25,               37, 
	              37,               11,               11,               15, 
	              31,               25,               25,                1, 
	              37,               11,               63,               63, 
	              31,               25,               25,                1, 
	              37,               11,               11,               63, 
	              18,               31,               25,               25, 
	               1,               11,               11,               63, 
	              31,               31,               25,               25, 
	               1,               37,               11,               63, 
	              30,               19,                2,               51, 
	              51,               22,               28,                3, 
	              30,               52,               52,                2, 
	              51,               17,               22,               28, 
	              57,               52,               52,               54, 
	              54,               17,               22,               22, 
	              57,               30,               52,               19, 
	               2,                2,               51,               28, 
	              15,               30,               52,               52, 
	              54,                2,               51,               22, 
	              15,               57,               30,               19, 
	              54,                2,               51,               17, 
	              15,               57,               30,               52, 
	              54,                2,               51,               17, 
	              15,               57,               30,               52, 
	              19,               54,                2,               51, 
	              36,                4,               56,                5, 
	              61,               13,                0,                0, 
	               3,                3,               23,                4, 
	              38,               41,               47,                0, 
	              53,                3,               23,               55, 
	              56,                5,               32,               14, 
	              28,               53,               36,               60, 
	              44,               58,               32,               41, 
	              22,               28,                3,               36, 
	               4,               44,               58,               32, 
	              28,               35,                3,                3, 
	              36,               44,               29,               38, 
	              22,               28,                3,                3, 
	              36,               23,               44,               29, 
	              22,               28,               35,                3, 
	              36,               60,                4,               29, 
	               0,                0,                0,                0, 
	               0,                0,                0,                0, 
	               0,                0,                0,                0, 
	               0,                0,                0,                0, 
	               0,                0,                0,                0, 
	               0,                0,                0,                0, 
	              16,                0,                0,                0, 
	               0,                0,                0,                0, 
	              41,               24,                0,                0, 
	               0,                0,                0,                0, 
	              50,               39,               42,                0, 
	               0,                0,                0,                0, 
	              61,               39,               14,                0, 
	               0,                0,                0,                0, 
	              38,               32,               39,               24, 
	               0,                0,                0,                0, 
	               0,                0,                0,                0, 
	               3,                2,               63,                1, 
	               0,                0,                0,                7, 
	              22,               30,               11,               25, 
	               0,                0,              251,               53, 
	              54,               15,               37,               31, 
	               0,                0,               39,               17, 
	              19,               11,               25,               31, 
	               0,                0,                4,               51, 
	              30,               37,               25,               18, 
	               0,               21,               22,               52, 
	              63,               37,               31,               18, 
	               0,               32,               51,               57, 
	              11,               25,               31,               31, 
	               0,               36,               54,               57, 
	               7,                7,                6,                5, 
	              31,               12,               40,                9, 
	              26,               43,               34,               34, 
	              62,               40,               26,                9, 
	              43,               43,               34,               27, 
	              62,               40,               26,                9, 
	              43,               43,               27,               27, 
	              12,               40,               26,                9, 
	              43,               34,               34,               27, 
	              12,               12,               26,               26, 
	              43,               43,               34,               27, 
	              40,               26,               26,                9, 
	               9,               43,               43,               27, 
	              12,               40,               26,               26, 
	              43,               43,               43,               34, 
	               5,                5,                5,               17, 
	              18,                9,               43,               43, 
	              27,               27,               27,               20, 
	              27,               27,               27,               43, 
	              27,               20,               20,               20, 
	              20,               27,               27,               34, 
	              20,               20,               20,               20, 
	              20,               27,               27,               34, 
	              27,               20,               20,               20, 
	              20,               20,               27,               27, 
	              27,               20,               20,               20, 
	              20,               27,               27,               43, 
	              27,               27,               27,               27, 
	              27,               27,               34,               34, 
	              27,               27,               27,               27, 
	              27,               34,               34,               43, 
	              25,               56,               31,               34, 
	              34,               34,               43,               43, 
	              43,               43,                9,               26, 
	              40,               40,               62,               62, 
	              43,                9,               26,               26, 
	              40,               40,               12,               62, 
	              43,               43,                9,               26, 
	              40,               40,               12,               62, 
	              34,               43,                9,               26, 
	              26,               40,               12,               62, 
	              43,                9,                9,               26, 
	              40,               40,               12,               62, 
	              43,               43,               26,               26, 
	              40,               40,               12,               62, 
	               9,                9,               26,               26, 
	              40,               40,               62,               18, 
	              43,                9,               26,               40, 
	              40,               12,               12,               18, 
	              31,               31,               25,               25, 
	               1,               37,               11,               11, 
	              18,               31,               25,               25, 
	               1,               37,               11,               63, 
	              18,               31,               25,               25, 
	               1,                1,               11,               11, 
	              18,               31,               31,               25, 
	               1,               37,               37,               63, 
	              18,               31,               31,               25, 
	               1,               37,               11,               11, 
	              18,               31,               25,               25, 
	               1,               37,               11,               63, 
	              31,               31,               25,               25, 
	              37,               37,               11,               11, 
	              31,               31,               25,                1, 
	               1,               37,               11,               63, 
	              15,               57,               30,               52, 
	              19,                2,               51,               17, 
	              63,               15,               30,               52, 
	              19,               54,                2,               51, 
	              15,               15,               30,               52, 
	              19,                2,               51,               17, 
	              15,               57,               57,               52, 
	              19,               54,                2,               51, 
	              63,               57,               30,               52, 
	              19,               54,               51,               17, 
	              15,               57,               30,               52, 
	              19,               54,                2,               51, 
	              15,               57,               30,               52, 
	              54,                2,               51,               17, 
	              15,               57,               30,               19, 
	              19,                2,               51,               17, 
	              22,               28,               35,               53, 
	              36,               23,               55,               56, 
	              17,               28,               35,               53, 
	              36,               60,               23,               56, 
	              17,               28,               35,               53, 
	               3,               60,               60,                4, 
	              22,               28,               35,               53, 
	              36,               60,               55,               55, 
	              17,               28,               35,               53, 
	              36,               36,               23,                4, 
	              22,               28,               35,               53, 
	               3,               60,               55,               44, 
	              22,               28,               35,               53, 
	               3,               36,               60,               44, 
	              22,               28,               53,                3, 
	              36,               60,               23,                4, 
	              58,               61,               41,               48, 
	               0,                0,                0,                0, 
	              29,               61,               41,               39, 
	              21,                0,                0,                0, 
	              29,                5,               50,               39, 
	              48,                0,                0,                0, 
	              56,               38,               61,               50, 
	              10,               24,                0,                0, 
	              56,               58,                6,               41, 
	              59,               14,                0,                0, 
	              44,               29,               38,               50, 
	              39,               47,               42,                0, 
	              44,               29,               58,               32, 
	              59,               48,               24,                0, 
	              29,               29,               38,               32, 
	              41,               39,               46,                0, 
	              96,                2,               30,               63, 
	               0,               24,                6,                5, 
	              39,               54,               15,               11, 
	               0,                6,               31,               31, 
	              29,               52,               63,                1, 
	               0,                6,               31,               31, 
	              36,               63,               11,               11, 
	               0,                6,               31,               31, 
	              22,               15,               11,               37, 
	               0,                6,               31,               31, 
	              19,               63,               11,               37, 
	               0,                6,               25,               25, 
	              57,               15,               11,               37, 
	               0,               16,                6,                6, 
	              57,               63,               63,               11, 
	               0,               24,                6,                6, 
	               5,                5,               39,                0, 
	              16,                1,               43,               43, 
	              62,               40,               40,               22, 
	               0,               21,               26,                9, 
	              18,               62,               12,               40, 
	              16,                0,               11,               26, 
	              18,               62,               12,               12, 
	               5,                0,               52,               26, 
	              31,               18,               62,               12, 
	              39,                0,               19,               40, 
	              31,               18,               18,                2, 
	               0,               16,               12,               40, 
	               6,                6,                8,                0, 
	              21,                2,               62,               12, 
	               6,                6,                6,                4, 
	              37,               18,               18,               18, 
	              57,                0,               57,               43, 
	              43,               43,                9,                9, 
	              57,                0,               57,               43, 
	              43,                9,                9,               26, 
	              30,                0,               30,               26, 
	               9,               26,                9,               26, 
	              52,                0,               52,               26, 
	              26,               26,               31,               22, 
	              52,                0,               52,               40, 
	              26,               31,               16,                0, 
	              54,                0,               19,               40, 
	              40,                5,                0,               25, 
	              54,                0,               54,               12, 
	              12,                5,               28,               12, 
	              54,                0,               54,               62, 
	              62,               62,               18,               18, 
	              26,               26,               26,               40, 
	              40,               62,               62,               18, 
	              26,               40,               40,               40, 
	              12,               62,               18,               31, 
	              26,               40,               40,               62, 
	              12,               62,               18,               31, 
	               5,                5,                5,               63, 
	              62,               31,               31,               17, 
	               5,                5,               21,                0, 
	              23,               18,               31,                6, 
	              12,               62,               18,               21, 
	               0,               31,               25,               17, 
	              62,               62,               18,                6, 
	               0,               31,               25,               25, 
	              31,               31,               30,               21, 
	               0,               25,               25,               37, 
	              31,               31,               25,                1, 
	              37,               11,               11,               63, 
	              31,               25,               25,                1, 
	              37,               11,               63,               63, 
	              25,               25,                1,               37, 
	              37,               11,               63,               15, 
	              17,               25,                1,               37, 
	              11,               11,               17,                3, 
	               0,               63,                1,               37, 
	              11,               11,               87,               33, 
	               0,               60,               37,               11, 
	              63,               17,                0,                5, 
	               0,               10,               11,               11, 
	              63,                5,                0,                2, 
	               6,                0,               57,               63, 
	              63,                0,               13,               30, 
	              15,               57,               30,               19, 
	              19,               54,               51,               17, 
	              57,               30,               52,               52, 
	              54,                2,               51,               17, 
	              57,               30,               52,               54, 
	               2,               51,               17,               17, 
	              57,               30,               19,               19, 
	              55,               39,                8,                7, 
	              30,               52,               17,               14, 
	               0,               16,               48,               87, 
	              30,               52,               39,                0, 
	              55,               51,               17,                3, 
	              52,               51,                0,                6, 
	              51,               17,               22,               28, 
	              52,               23,                0,                4, 
	              17,               22,               22,               35, 
	              22,               28,               35,                3, 
	              36,               60,               60,               55, 
	              28,               35,               53,                3, 
	              36,               23,               23,               55, 
	              22,               35,               53,                3, 
	              36,               60,               55,               44, 
	               4,               35,               53,                3, 
	              36,               61,               58,               44, 
	               0,                7,                3,               36, 
	              60,                0,               14,               16, 
	              10,                0,               56,               36, 
	              60,                0,                0,               42, 
	              36,                0,               13,               60, 
	              60,                0,                0,               58, 
	              53,                0,               42,               60, 
	              23,                0,               16,               56, 
	              56,               29,               38,               61, 
	              50,               39,               48,              251, 
	               4,               58,               38,               61, 
	              50,               50,               48,               96, 
	              56,               29,                5,               49, 
	              41,               50,               39,               24, 
	              59,               46,               38,               38, 
	              49,               59,               59,               45, 
	               0,                0,               61,               61, 
	              61,               50,               59,               47, 
	              49,               58,                5,               61, 
	              50,               41,               59,               59, 
	              29,               29,               38,               61, 
	              50,               50,               59,               59, 
	              29,               38,               61,               49, 
	               6,               50,               50,               59, 
	              57,               15,               63,               11, 
	               0,                7,                1,                1, 
	              19,               57,               57,               63, 
	               0,                6,               11,               37, 
	              51,               57,               30,               15, 
	               0,                6,               11,               37, 
	              35,               54,               52,               57, 
	               0,                7,               63,               11, 
	              55,               54,               54,               30, 
	               0,                7,               15,               63, 
	               6,               17,                2,               54, 
	               0,                7,               57,               15, 
	              13,               28,               17,                2, 
	              54,               52,               30,               57, 
	              96,                3,               35,               17, 
	               2,               19,               52,               52, 
	              25,               25,               25,               25, 
	              31,               31,               31,               31, 
	              37,               25,               25,               25, 
	              25,               31,               31,               31, 
	              11,                1,               25,                1, 
	              25,               25,               25,               25, 
	              37,               11,               37,                1, 
	               1,                1,               25,               25, 
	              11,               11,               11,               11, 
	              37,               37,               37,                1, 
	              63,               63,               11,               11, 
	              11,               11,               37,               37, 
	              15,               15,               11,               11, 
	              11,               11,               11,               11, 
	              57,               57,               57,               15, 
	              15,               63,               63,               63, 
	               2,                0,                2,               18, 
	              31,                1,                4,                5, 
	              51,                0,               51,               31, 
	              31,               21,                0,               10, 
	              17,                0,               17,               31, 
	              17,                0,                4,               25, 
	              22,                0,               22,               25, 
	              22,                0,               22,               25, 
	              22,                0,               28,                1, 
	              63,                0,               10,               37, 
	              35,                0,               28,                1, 
	              11,                6,                0,                0, 
	              11,               11,               11,               37, 
	              11,               11,                2,               35, 
	              11,               11,               11,               63, 
	              63,               11,               63,               63, 
	               0,                0,                0,                0, 
	               0,                1,                1,               37, 
	               3,               17,               11,                6, 
	               0,                1,               37,               11, 
	              25,               25,                1,                6, 
	               0,               37,               37,               11, 
	               1,                1,                1,               10, 
	               0,               11,               11,               11, 
	              37,               57,                7,                0, 
	               0,               52,               63,               63, 
	               0,                0,                6,               23, 
	               0,                0,                3,               57, 
	              35,               51,               63,               63, 
	               3,                3,               54,               57, 
	              63,               15,               15,               15, 
	              15,               57,               57,               30, 
	              35,                0,               23,               15, 
	               3,                0,               56,               52, 
	              11,               24,               10,               15, 
	               7,                0,                2,               52, 
	              11,                5,                0,               54, 
	               0,                8,               19,               54, 
	              15,               17,                0,               13, 
	               0,               60,               19,               54, 
	              57,               15,               96,                0, 
	              24,               19,               19,                2, 
	              57,               30,                5,                0, 
	               6,               54,                2,                2, 
	              30,               52,                6,                0, 
	              53,                2,               51,               51, 
	              52,               19,               24,               13, 
	               2,                2,               51,               17, 
	              19,               39,                0,                0, 
	               0,                0,                0,                0, 
	              19,                6,                0,               41, 
	               4,               56,               29,               29, 
	              54,                4,                0,               56, 
	              22,               28,               35,               53, 
	               2,               28,                0,               14, 
	              28,               28,               53,                3, 
	               2,               51,                7,                0, 
	              10,               35,               53,               56, 
	              17,               17,               22,               10, 
	               0,                0,                0,                0, 
	              22,               22,               28,               35, 
	              55,                5,               38,                5, 
	              22,               28,               35,               35, 
	               3,                3,               36,               23, 
	               0,                0,                0,               23, 
	              23,                0,               16,               56, 
	              58,                5,               38,               60, 
	              55,                0,               46,               29, 
	               3,                6,               29,               23, 
	              55,                0,               16,               58, 
	              56,                0,               10,               55, 
	              44,                0,               21,               58, 
	              96,                0,               56,               55, 
	              44,                0,               46,               58, 
	              42,               61,               23,               44, 
	              56,                0,               21,               38, 
	              23,               55,               55,               44, 
	              56,               29,               38,               61, 
	              23,               55,               44,               56, 
	              29,               58,               38,               49, 
	              29,               38,               61,               49, 
	              50,               50,               48,               59, 
	              58,               38,               61,               50, 
	              39,               59,               59,               47, 
	              58,               38,               49,               49, 
	              50,               48,               59,               45, 
	              38,               61,               49,               50, 
	              59,               59,               45,               46, 
	              49,               61,               50,               50, 
	              39,               48,               47,               21, 
	              61,                6,               50,               59, 
	              48,               48,               46,              233, 
	              50,               49,               50,               59, 
	              47,               47,               21,              233, 
	              49,               41,               59,               39, 
	              45,               46,               46,                0, 
	               0,               29,                3,               28, 
	              17,                2,               19,               19, 
	               0,                8,               23,                3, 
	              28,               51,               54,               19, 
	               0,               96,                4,               60, 
	              35,               22,               51,                2, 
	               0,                0,                6,                4, 
	              60,               53,               22,               17, 
	               0,                0,               14,               56, 
	              60,                3,               28,               22, 
	               0,                0,              251,                6, 
	              56,               60,               53,               28, 
	               0,                0,                0,               14, 
	               5,                4,               36,               53, 
	               0,                0,                0,                0, 
	               6,               29,                4,               60, 
	              30,               30,               57,               57, 
	              57,               15,               15,               15, 
	              52,               30,               52,               30, 
	              57,               30,               57,               57, 
	              54,               52,               52,               52, 
	              30,               30,               30,               30, 
	               2,                2,               54,               54, 
	              19,               19,               52,               52, 
	              17,               51,               54,               54, 
	              54,               54,               54,               19, 
	              17,               51,               51,               51, 
	               2,                2,               54,                2, 
	              28,               22,               17,               51, 
	              51,               51,               51,                2, 
	               3,               35,               22,               28, 
	              17,               17,               17,               17, 
	              15,               15,               63,               63, 
	              15,               15,               15,               15, 
	              57,               15,               57,               57, 
	              15,               15,               57,               57, 
	              30,               57,               57,               30, 
	              30,               30,               30,               52, 
	              52,               52,               52,               52, 
	              52,               52,               19,               52, 
	              54,               19,               19,               19, 
	              19,               19,               19,               19, 
	              54,                2,               54,               54, 
	              54,               54,                2,                2, 
	               2,               51,               51,                2, 
	              51,                2,               51,               51, 
	              17,               51,               51,               17, 
	              51,               17,               51,               17, 
	              15,               15,               57,               30, 
	              30,               52,               52,               51, 
	              57,               30,               30,               30, 
	              52,               52,               19,               23, 
	              30,               52,               52,               52, 
	              19,               19,               54,               54, 
	              19,               19,               19,               54, 
	              54,               54,                2,                2, 
	              54,               54,               54,                2, 
	               2,                2,               51,               17, 
	              54,                2,               51,                2, 
	              51,               17,               17,               17, 
	              51,               51,               17,               17, 
	              17,               22,               22,               22, 
	              17,               17,               22,               22, 
	              22,               28,               28,               35, 
	              51,               56,                0,                5, 
	              51,               51,               17,               22, 
	               0,                0,               39,                2, 
	              51,               22,               22,               22, 
	               4,                3,               51,               17, 
	              17,               22,               35,               35, 
	               2,               17,               17,               22, 
	              28,               28,               28,               35, 
	              17,               22,               22,               22, 
	              35,               35,               53,                3, 
	              22,               22,               28,               35, 
	              35,               53,                3,                3, 
	              28,               35,               35,               53, 
	              53,                3,                3,               60, 
	              35,               35,               53,               53, 
	              36,                3,               60,               60, 
	              28,               28,               53,               53, 
	               3,               36,               60,               60, 
	              28,               35,               53,                3, 
	              36,               60,               60,               55, 
	              53,               53,                3,               36, 
	              60,               23,               23,               55, 
	              53,                3,               36,               60, 
	              60,               23,               44,               44, 
	               3,               36,               36,               23, 
	              23,               55,               44,               44, 
	              36,               60,               23,               23, 
	              55,               44,               56,               29, 
	              60,               23,               23,               44, 
	              44,               56,               56,               29, 
	              60,               23,               44,               44, 
	              44,               56,               58,               38, 
	              55,               44,               56,               29, 
	              58,               58,               38,               61, 
	              55,               44,               56,               29, 
	              58,               38,               61,               50, 
	              56,               56,               29,               58, 
	              38,               61,               49,               50, 
	              56,               29,               58,               58, 
	              61,               61,               50,               50, 
	              29,               29,               38,               38, 
	              61,               49,               41,               50, 
	              29,               58,               38,               61, 
	              50,               49,               59,               48, 
	              38,               38,               61,               49, 
	              50,               50,               50,               59, 
	              38,               61,               61,               50, 
	              59,               41,               48,               48, 
	              50,               59,               48,               48, 
	              45,               21,               33,                0, 
	              50,               41,               59,               47, 
	              46,               24,              251,                0, 
	              50,               59,               48,               14, 
	              46,               24,              251,                0, 
	              48,               48,               45,               45, 
	             212,               33,                0,                0, 
	              48,               48,               45,              115, 
	              33,              251,                0,                0, 
	              48,               47,               46,               24, 
	             220,                0,                0,                0, 
	              47,               16,               46,               33, 
	             251,                0,                0,                0, 
	              45,               46,               24,              220, 
	               0,                0,                0,                0, 
	               0,                0,                0,                0, 
	              16,                5,               56,               23, 
	               0,                0,                0,                0, 
	               0,                8,                5,                4, 
	               0,                0,                0,                0, 
	               0,               42,               32,                5, 
	               0,                0,                0,                0, 
	               0,                0,               24,               61, 
	               0,                0,                0,                0, 
	               0,                0,                0,               16, 
	               0,                0,                0,                0, 
	               0,                0,                0,                0, 
	               0,                0,                0,                0, 
	               0,                0,                0,                0, 
	               0,                0,                0,                0, 
	               0,                0,                0,                0, 
	              36,                3,               35,               35, 
	              28,               22,               22,               22, 
	               4,               36,                3,               53, 
	              35,               28,               28,               28, 
	              56,               23,               60,               36, 
	               3,                3,               35,               35, 
	               5,               56,               23,               60, 
	              60,               36,                3,               36, 
	              32,                5,                5,                4, 
	              23,               60,               36,               36, 
	              14,               32,               58,               29, 
	              56,                4,               23,               23, 
	               0,               14,               41,                5, 
	              38,               29,               56,                4, 
	               0,                0,               14,               41, 
	              32,                5,               29,               29, 
	              22,               22,               17,               22, 
	              22,               22,               22,               22, 
	              28,               28,               28,               28, 
	              22,               28,               28,               35, 
	              35,               35,               35,               35, 
	              35,               35,               35,               35, 
	              53,               53,               53,               53, 
	              53,               53,               53,                3, 
	              36,                3,               36,               36, 
	              36,               36,                3,               36, 
	              60,               36,               36,               36, 
	              36,               36,               60,               36, 
	              44,               55,               55,               23, 
	              23,               23,               23,               23, 
	              56,               44,               55,               55, 
	              23,               55,               55,               55, 
	              22,               22,               28,               28, 
	              28,               35,               35,               53, 
	              35,               35,               35,               35, 
	              53,               53,               53,               53, 
	              35,               35,               53,               53, 
	              53,                3,               36,               36, 
	               3,                3,                3,                3, 
	              36,               36,               36,               60, 
	              36,               36,               60,               60, 
	              60,               60,               60,               23, 
	              60,               23,               60,               60, 
	              23,               55,               55,               55, 
	              23,               23,               55,               55, 
	              55,               55,               44,               44, 
	              55,               44,               44,               44, 
	              44,               44,               56,               56, 
	              53,               53,                3,                3, 
	              60,               60,               60,               23, 
	               3,               36,               36,               60, 
	              60,               60,               55,               55, 
	              36,               60,               60,               23, 
	              55,               55,               44,               44, 
	              60,               23,               55,               23, 
	              55,               55,               44,               56, 
	              23,               23,               44,               44, 
	              56,               56,               56,               29, 
	              44,               44,               44,               44, 
	              56,               29,               58,               58, 
	              56,               56,               29,               29, 
	              29,               29,               58,               38, 
	              56,               29,               29,               29, 
	              58,               38,               61,               61, 
	              55,               55,               44,               56, 
	              29,               29,               58,               38, 
	              44,               56,               56,               29, 
	              58,               58,               38,               38, 
	              44,               56,               29,               29, 
	              38,               38,               61,               50, 
	              29,               29,               58,               38, 
	              38,               61,               49,               49, 
	              58,               58,               38,               61, 
	              61,               49,               50,               41, 
	              58,               61,               38,               61, 
	              50,               50,               50,               59, 
	              38,               49,               49,               50, 
	              41,               50,               59,               48, 
	              49,               49,               50,               50, 
	              59,               59,               48,               48, 
	              61,               49,               49,               41, 
	              59,               59,               48,               45, 
	              61,               50,               50,               50, 
	              59,               48,               14,               45, 
	              50,               41,               59,               59, 
	              48,               47,               46,               21, 
	              50,               50,               59,               48, 
	              47,               45,               46,               24, 
	              59,               48,               59,               45, 
	              14,               46,               24,              220, 
	              59,               59,               45,               45, 
	             254,              212,              220,              251, 
	              48,               45,               14,               21, 
	              24,               24,               42,                0, 
	              14,               45,              254,              212, 
	             220,              251,                0,                0, 
	              46,               21,               33,              251, 
	               0,                0,                0,                0, 
	             254,              212,              233,                0, 
	               0,                0,                0,                0, 
	             220,               33,                0,                0, 
	               0,                0,                0,                0, 
	              24,                0,                0,                0, 
	               0,                0,                0,                0, 
	             251,                0,                0,                0, 
	               0,                0,                0,                0, 
	               0,                0,                0,                0, 
	               0,                0,                0,                0, 
	               0,                0,                0,                0, 
	               0,                0,                0,                0, 
	               0,                0,                0,                0, 
	               0,                0,                0,                0, 
	               0,                0,                0,                0, 
	               0,                0,                0,                0, 
	               0,                0,                0,                0, 
	               0,                0,                0,                0, 
	               0,                0,                0,                0, 
	               0,                0,                0,                0, 
	               0,                0,                0,                0, 
	               0,                0,                0,                0, 
	               0,                0,                0,                0, 
	               0,                0,                0,                0, 
	               0,                0,                0,                0, 
	               0,                0,                0,                0, 
	               0,                0,                0,                0, 
	               0,                0,                0,                0, 
	               0,                0,                0,                0, 
	               0,                0,                0,                0, 
	               0,                0,                0,               21, 
	              39,               41,                6,               38, 
	               0,                0,                0,                0, 
	              33,               59,               41,               32, 
	               0,                0,                0,                0, 
	               0,              251,               16,               39, 
	               0,                0,                0,                0, 
	               0,                0,                0,               33, 
	               0,                0,                0,                0, 
	               0,                0,                0,                0, 
	               0,                0,                0,                0, 
	               0,                0,                0,                0, 
	               0,                0,                0,                0, 
	               0,                0,                0,                0, 
	               0,                0,                0,                0, 
	               0,                0,                0,                0, 
	               5,               29,               29,               29, 
	              56,               56,               44,               56, 
	              32,                5,               38,                5, 
	              29,               29,               29,               56, 
	              39,               41,               49,               41, 
	              32,                6,               61,                5, 
	              48,               39,               39,               41, 
	              41,               49,               32,               49, 
	               0,               24,               47,               39, 
	              39,               59,               41,               50, 
	               0,                0,                0,               33, 
	             254,               13,               47,               59, 
	               0,                0,                0,                0, 
	               0,              109,               33,               46, 
	               0,                0,                0,                0, 
	               0,                0,                0,                0, 
	              44,               44,               56,               56, 
	              29,               56,               29,               29, 
	              29,               29,               29,               29, 
	              29,               58,               58,               38, 
	              38,               58,               58,               38, 
	              38,               38,               38,               61, 
	               6,               61,               61,               61, 
	              61,               61,               61,               61, 
	              50,               41,               41,               49, 
	              49,               49,               50,               49, 
	              39,               59,               50,               59, 
	              41,               50,               50,               50, 
	              47,               39,               59,               59, 
	              59,               39,               59,               59, 
	             251,               42,               24,               46, 
	              47,               48,               48,               59, 
	              58,               58,               38,               38, 
	              61,               61,               49,               49, 
	              58,               38,               38,               61, 
	              61,               50,               50,               41, 
	              61,               49,               49,               49, 
	              49,               50,               59,               59, 
	              49,               50,               50,               41, 
	              50,               59,               59,               39, 
	              50,               50,               50,               48, 
	              59,               39,               47,               47, 
	              50,               59,               59,               48, 
	              47,               47,               47,               45, 
	              59,               59,               59,               59, 
	              45,               46,               21,               24, 
	              39,               48,               45,               21, 
	              21,               33,              251,              251, 
	              50,               50,               50,               59, 
	              59,               48,               48,               45, 
	              50,               50,               48,               39, 
	              48,               48,               46,              205, 
	              48,               59,               48,               45, 
	              45,               16,               24,               46, 
	              48,               48,               46,               16, 
	              46,               21,               24,              233, 
	              16,               46,               46,               24, 
	             220,              233,              251,                0, 
	              46,              254,               33,              233, 
	             251,                0,                0,                0, 
	              33,               42,                0,                0, 
	               0,                0,                0,                0, 
	               0,                0,              251,                0, 
	               0,                0,                0,                0, 
	              46,               21,              212,               33, 
	             251,                0,                0,                0, 
	              24,               24,               33,                0, 
	               0,                0,                0,                0, 
	             220,               42,              251,                0, 
	               0,                0,                0,                0, 
	               0,                0,                0,                0, 
	               0,                0,                0,                0, 
	               0,                0,                0,                0, 
	               0,                0,                0,                0, 
	               0,                0,                0,                0, 
	               0,                0,                0,                0, 
	               0,                0,                0,                0, 
	               0,                0,                0,                0, 
	               0,                0,                0,                0, 
	               0,                0,                0,                0, 
	               0,                0,                0,                0, 
	               0,                0,                0,                0, 
	               0,                0,                0,                0, 
	               0,                0,                0,                0, 
	               0,                0,                0,                0, 
	               0,                0,                0,                0, 
	               0,                0,                0,                0, 
	               0,                0,                0,                0, 
	               0,                0,                0,                0, 
	               0,                0,                0,                0, 
	               0,                0,                0,                0, 
	               0,                0,                0,                0, 
	               0,                0,                0,                0, 
	               0,                0,                0,                0, 
	               0,                0,                0,                0, 
	               0,                0,                0,                0, 
}; 



//! SoSpriteAnimation instance;
const SoSpriteAnimation SpherePlayerSpriteAnimation = { false, 64, 64, 1, (u8*) SpherePlayerSpriteAnimationData };

// --------------------------------------------------------------------------------------
// EOF
// --------------------------------------------------------------------------------------

