// --------------------------------------------------------------------------------------
/*! 

	Source file generated by a SGADE tool. For more information 
	visit http://jaap.flipcode.com/sgade/ or subscribe to 
	the mailing list at subscribe-sgade@yahoogroups.com.  

*/
// --------------------------------------------------------------------------------------


//! Data array generated by an SGADE tool
const u8 SphereAIRandSpriteAnimationData[ 4096 ] = { 

	               0,                0,                0,                0, 
	               0,                0,                0,                0, 
	               0,                0,                0,                0, 
	               0,                0,                0,                0, 
	               0,                0,                0,                0, 
	               0,                0,                0,                0, 
	               0,                0,                0,                0, 
	               0,                0,                0,                0, 
	               0,                0,                0,                0, 
	               0,                0,                0,                0, 
	               0,                0,                0,                0, 
	               0,                0,                0,                0, 
	               0,                0,                0,                0, 
	               0,                0,                0,                0, 
	               0,                0,                0,                0, 
	               0,                0,                0,                0, 
	               0,                0,                0,                0, 
	               0,                0,                0,                0, 
	               0,                0,                0,                0, 
	               0,                0,                0,                0, 
	               0,                0,                0,                0, 
	               0,                0,                0,                0, 
	               0,                0,                0,                0, 
	               0,                0,                0,                0, 
	               0,                0,                0,                0, 
	               0,                0,                0,               73, 
	               0,                0,                0,                0, 
	               0,               84,               92,               82, 
	               0,                0,                0,                0, 
	              74,               85,               65,               79, 
	               0,                0,                0,               93, 
	              85,              102,               88,               76, 
	               0,                0,                0,                0, 
	               0,                0,                0,                0, 
	               0,                0,                0,                0, 
	               0,               81,               69,               66, 
	               0,                0,              251,               71, 
	              99,               85,               65,              102, 
	             251,               70,               66,               85, 
	              65,               79,               88,              101, 
	              66,               82,               65,              102, 
	              88,              101,               76,              104, 
	              65,               79,              101,               76, 
	              76,               64,               64,               64, 
	             101,               76,              104,              106, 
	             106,               89,               89,               89, 
	              64,              106,               89,               89, 
	              80,               89,              105,              105, 
	              87,               70,               92,               66, 
	             120,               79,               88,              101, 
	             102,               79,               88,              101, 
	              76,               76,              101,              101, 
	              88,              101,               76,               76, 
	             101,               76,               76,              101, 
	              76,               76,               76,              104, 
	              64,              104,               76,               76, 
	              64,               64,              104,              104, 
	              64,               64,              104,               76, 
	             106,              106,               89,               89, 
	              64,               64,               64,               64, 
	              89,              106,               89,               89, 
	             106,               64,               64,               64, 
	             105,              105,               80,               80, 
	              89,               89,              106,               64, 
	              88,               79,               65,              123, 
	             124,               69,               73,               96, 
	             101,               88,               79,               79, 
	              65,               82,              123,               86, 
	             101,              101,              125,              125, 
	             102,               65,               85,               98, 
	              76,              101,              101,              125, 
	              79,               65,               65,               85, 
	              76,              101,              101,              101, 
	             125,              102,               65,              120, 
	              76,               76,               76,              101, 
	             101,               88,              125,              102, 
	              64,               76,               76,              101, 
	             101,               88,              125,               79, 
	              64,              104,               76,               76, 
	             101,              101,               88,              125, 
	               0,                0,                0,                0, 
	               0,                0,                0,                0, 
	             112,               73,               84,                0, 
	               0,                0,                0,                0, 
	              86,               99,               67,               69, 
	              78,              251,                0,                0, 
	              91,               66,               99,              113, 
	             112,               69,               74,              251, 
	              85,               91,               66,               86, 
	              99,               92,               68,               69, 
	              65,               82,               85,              123, 
	              86,               99,              124,              110, 
	             102,              120,               82,               82, 
	              98,               66,               86,               67, 
	             102,              102,               65,              120, 
	              85,               98,               66,               86, 
	               0,                0,                0,                0, 
	               0,                0,                0,                0, 
	               0,                0,                0,                0, 
	               0,                0,                0,                0, 
	               0,                0,                0,                0, 
	               0,                0,                0,                0, 
	               0,                0,                0,                0, 
	               0,                0,                0,                0, 
	              81,                0,                0,                0, 
	               0,                0,                0,                0, 
	             100,               71,              109,                0, 
	               0,                0,                0,                0, 
	             112,               68,               69,               84, 
	               0,                0,                0,                0, 
	             124,              112,              110,               93, 
	              78,                0,                0,                0, 
	               0,                0,                0,                0, 
	               0,                0,                0,                0, 
	               0,                0,                0,                0, 
	               0,                0,                0,                0, 
	               0,                0,                0,                0, 
	               0,                0,                0,                0, 
	               0,                0,                0,                0, 
	               0,                0,                0,                0, 
	               0,                0,                0,                0, 
	               0,                0,                0,                0, 
	               0,                0,                0,                0, 
	               0,                0,                0,                0, 
	               0,                0,                0,                0, 
	               0,                0,                0,                0, 
	               0,                0,                0,                0, 
	               0,                0,                0,                0, 
	               0,                0,                0,                0, 
	               0,                0,                0,                0, 
	               0,                0,                0,                0, 
	               0,                0,                0,                0, 
	               0,                0,                0,                0, 
	               0,                0,                0,                0, 
	               0,                0,                0,                0, 
	               0,                0,                0,               69, 
	               0,                0,                0,                0, 
	               0,                0,               73,               85, 
	               0,                0,                0,                0, 
	               0,               84,               91,              102, 
	               0,                0,                0,                0, 
	               0,               92,              120,              101, 
	               0,                0,                0,                0, 
	              71,               82,              125,               76, 
	               0,                0,               68,              120, 
	             102,              101,              104,              106, 
	               0,               68,              120,               79, 
	             101,               64,               89,               80, 
	              68,              120,              125,               76, 
	              64,               89,              105,               75, 
	             120,               79,               76,              106, 
	              89,               75,               95,               95, 
	             102,              101,               64,              105, 
	             105,               75,              107,               72, 
	             101,               64,               89,              105, 
	              95,              107,               94,               94, 
	              64,               89,              105,               75, 
	             107,               94,              114,              114, 
	              64,              105,               75,              107, 
	              94,               72,              114,              114, 
	              80,               80,              105,              105, 
	              95,              105,              105,              105, 
	             105,               95,              107,              107, 
	             107,              107,              107,               95, 
	              95,               95,               95,              107, 
	             107,              107,              107,              107, 
	             107,               72,               72,               72, 
	              72,               72,              107,              107, 
	              94,              114,              114,               94, 
	              94,               94,               72,               72, 
	             114,              114,              114,              114, 
	             114,              114,               94,               72, 
	             114,              114,              103,              103, 
	             114,              103,              114,              114, 
	             103,               83,               83,               83, 
	              83,              103,              114,              114, 
	             105,              105,               80,               80, 
	              89,               89,               89,               64, 
	              75,              105,              105,              105, 
	             105,               89,               89,               89, 
	              95,               95,              105,              105, 
	             105,               80,               89,               89, 
	             107,               95,               95,               75, 
	             105,               80,               80,               89, 
	             107,               85,               68,               68, 
	              75,              105,               80,               80, 
	              72,               81,                0,                0, 
	              65,              105,              105,               89, 
	              64,                0,               81,                0, 
	              68,              105,              105,               80, 
	              86,                0,              125,               81, 
	               0,               89,              105,              105, 
	              64,               64,              104,               76, 
	              76,              101,              101,              125, 
	             106,               64,               64,              104, 
	              76,              101,              101,              101, 
	             106,               64,               64,               76, 
	             104,               76,              101,               88, 
	             106,              106,               64,               64, 
	              76,               76,              101,              101, 
	              89,              106,               64,               86, 
	              93,               76,               76,              101, 
	              89,               89,              106,               93, 
	               0,               76,               76,              101, 
	              89,              106,              106,               69, 
	               0,               76,               76,              101, 
	              80,               89,              106,               69, 
	               0,              104,               76,              101, 
	             125,              102,              120,               65, 
	              82,               82,               98,              123, 
	             125,               79,               79,              120, 
	              65,               85,               91,               98, 
	              88,               79,               79,               65, 
	              65,              120,               82,               91, 
	              88,              125,              102,              102, 
	              65,               65,               85,               91, 
	              88,               88,               79,              102, 
	              65,               65,               82,               91, 
	             101,              125,              125,              102, 
	              65,               65,              120,               82, 
	             101,              125,              125,              102, 
	              65,               65,              120,               82, 
	             101,               88,              125,               79, 
	             102,               65,              120,               82, 
	              86,               67,              113,              110, 
	             100,               77,                0,                0, 
	              66,               86,              124,               92, 
	              69,               93,               78,                0, 
	             123,               86,               99,               99, 
	             112,               68,              117,               78, 
	              91,              123,               90,              124, 
	             113,              110,              100,               70, 
	              91,               98,               66,               99, 
	              67,              112,               68,               93, 
	              91,               98,              123,               86, 
	              90,              113,              112,              110, 
	              91,              123,               98,               86, 
	              90,               67,              112,               68, 
	              85,               91,              123,               66, 
	              86,               99,              113,              112, 
	               0,                0,                0,                0, 
	               0,                0,                0,                0, 
	               0,                0,                0,                0, 
	               0,                0,                0,                0, 
	               0,                0,                0,                0, 
	               0,                0,                0,                0, 
	             115,                0,                0,                0, 
	               0,                0,                0,                0, 
	              97,               87,                0,                0, 
	               0,                0,                0,                0, 
	              97,              108,              109,                0, 
	               0,                0,                0,                0, 
	             126,               71,               78,                0, 
	               0,                0,                0,                0, 
	             110,               93,               97,               87, 
	               0,                0,                0,                0, 
	               0,                0,                0,                0, 
	              66,               65,              101,               64, 
	               0,                0,                0,               70, 
	              85,               79,               76,               64, 
	               0,                0,              251,               66, 
	              65,              101,               64,               89, 
	               0,                0,               71,               82, 
	              79,               76,               64,               80, 
	               0,                0,               67,               65, 
	             125,              104,              106,              105, 
	               0,               81,               85,              102, 
	             101,               64,               89,               80, 
	               0,               69,              120,              101, 
	              76,               64,               89,               80, 
	               0,               66,               79,               88, 
	              76,              106,               89,              105, 
	              89,              105,               95,              107, 
	             114,               94,              114,              103, 
	              80,               75,              107,              107, 
	              94,              114,              103,               83, 
	             105,               95,              107,               72, 
	             114,              114,              103,               83, 
	             105,               95,               72,               94, 
	              94,              114,              114,              103, 
	             105,               75,              107,               72, 
	              94,              114,              103,              103, 
	              75,              107,              107,               72, 
	              94,              114,              114,              103, 
	              75,               95,              107,              107, 
	              72,              114,              114,              114, 
	             105,               95,              107,              107, 
	              72,               72,               94,              114, 
	              83,              121,              121,              121, 
	              83,               83,              103,              114, 
	             121,              121,              121,              121, 
	             121,              121,              103,               89, 
	             121,              121,              121,              121, 
	             121,              121,              103,               92, 
	             121,              121,              121,              121, 
	             121,              121,               83,                0, 
	             121,              121,              121,              121, 
	             121,               83,              101,                0, 
	              83,              121,              121,              121, 
	              83,               83,               92,                0, 
	             103,               83,               83,               83, 
	             103,              103,                0,               81, 
	             114,              114,              114,              103, 
	             114,               65,                0,               66, 
	              81,                0,               72,               90, 
	               0,               85,              105,              105, 
	               0,               92,               72,              104, 
	               0,               71,              105,              105, 
	               0,               88,               72,              107, 
	               0,                0,               64,              105, 
	               0,               94,               72,               72, 
	              68,                0,               98,              105, 
	              66,               94,               72,              107, 
	              79,                0,               71,              105, 
	              70,               68,               68,               68, 
	              68,                0,                0,               64, 
	              92,               92,               68,               68, 
	              68,               71,                0,               67, 
	              72,              107,              107,              107, 
	              95,              101,                0,               81, 
	              80,               89,              106,               69, 
	               0,               76,               76,              101, 
	              80,               89,               89,               69, 
	               0,               64,               76,               76, 
	              80,               89,               89,               69, 
	               0,               64,               76,               76, 
	              80,               89,              106,               69, 
	               0,              104,               76,              101, 
	              80,               89,               89,               69, 
	               0,              104,               76,               76, 
	              89,               89,              106,               69, 
	               0,              104,               76,              101, 
	              80,               89,              106,               69, 
	               0,              104,               76,              101, 
	              89,               89,              106,               69, 
	               0,              104,               76,              101, 
	             101,               88,              125,              102, 
	              65,               65,              120,               82, 
	             101,               88,              125,               79, 
	             102,               65,              120,               82, 
	             101,               88,              125,               79, 
	             102,               65,              120,               82, 
	             101,              101,              125,              125, 
	              65,               65,               65,               82, 
	             101,               88,              125,               79, 
	             102,               65,              120,               82, 
	             101,               88,              125,               79, 
	              65,               65,               65,               82, 
	             101,               88,              125,               79, 
	              65,               65,               82,               82, 
	             101,              125,               79,               79, 
	             102,               65,              120,               85, 
	              85,               91,               98,               86, 
	              86,               90,               67,              112, 
	              85,               91,              123,               66, 
	              66,               99,              113,              112, 
	              85,               91,               98,               66, 
	              86,               90,               99,               67, 
	              85,               91,               98,              123, 
	              86,               99,              124,              113, 
	              85,               91,              123,              123, 
	              66,               90,              124,              113, 
	              85,               98,               98,               66, 
	              86,               90,              124,              112, 
	              85,               98,              123,               66, 
	              86,               90,               99,              113, 
	              85,               91,               98,               66, 
	              86,               90,               99,              113, 
	             110,               93,              118,              111, 
	               0,                0,                0,                0, 
	             110,              100,               70,              108, 
	              84,                0,                0,                0, 
	             110,              110,               97,              108, 
	             111,                0,                0,                0, 
	             112,               68,              126,               97, 
	             122,               87,                0,                0, 
	             112,              110,               69,              118, 
	              73,              119,                0,                0, 
	             112,              110,              100,               93, 
	             108,              111,              109,                0, 
	             112,              112,              126,               93, 
	             108,              111,               87,                0, 
	              92,              110,              100,              117, 
	              97,              122,              119,                0, 
	              87,               65,               88,              101, 
	              64,              106,               80,              105, 
	              71,              125,              101,              104, 
	              64,              106,               89,               89, 
	              92,              101,               76,               76, 
	             104,              106,               89,               80, 
	              86,              101,              101,               64, 
	             106,              106,               89,               89, 
	             120,               76,              101,               76, 
	              64,               64,               89,               89, 
	             102,               76,              104,              104, 
	              64,               64,               64,               89, 
	             125,              101,               76,               76, 
	              64,               64,               64,              106, 
	              88,              101,               76,               76, 
	              76,              104,               64,              106, 
	             105,              105,               95,              107, 
	             107,               72,               94,              114, 
	             105,              105,               95,               95, 
	             107,              107,              107,               72, 
	             105,              105,               75,               95, 
	             107,              107,              107,               72, 
	             105,              105,              105,              105, 
	              75,               95,              107,              107, 
	              89,               80,              105,              105, 
	             105,               75,               75,               95, 
	              93,               69,               68,               93, 
	              68,               68,               69,               68, 
	               0,               84,               69,               93, 
	              93,               68,               93,                0, 
	               0,               93,               89,               80, 
	              80,               80,              105,               64, 
	             114,              114,              114,              114, 
	             114,               70,                0,               64, 
	              72,               94,               94,              114, 
	             105,                0,               81,              107, 
	              72,               72,               72,               72, 
	              82,                0,               82,              107, 
	             107,              107,              107,              107, 
	             107,              107,              107,              107, 
	              95,              107,              107,              107, 
	             107,               95,               95,               75, 
	             102,               75,               75,               75, 
	              75,               75,              105,               75, 
	               0,               81,               64,               75, 
	             105,               75,              105,              105, 
	              69,                0,               99,              105, 
	             105,              105,               80,              105, 
	              72,              107,              107,               95, 
	              95,              105,               84,                0, 
	             107,              107,               95,               75, 
	             105,              105,               67,                0, 
	             107,               95,               75,               75, 
	             105,              105,               88,                0, 
	              95,               75,               75,              105, 
	             105,               80,               89,               89, 
	              75,              105,              105,               80, 
	              80,               80,               89,              106, 
	             105,              105,              105,               80, 
	              89,               89,              106,              106, 
	             105,               80,               80,               89, 
	              89,               89,               64,              106, 
	              89,               89,               89,               89, 
	             106,               64,               64,               64, 
	             125,              106,               64,               69, 
	               0,               76,               76,              101, 
	              67,              106,              106,               69, 
	               0,               76,               76,              101, 
	              87,               64,               64,               93, 
	               0,               76,              101,              101, 
	             106,              106,               64,              104, 
	             104,              101,              101,               88, 
	              64,               64,               64,               76, 
	              76,               76,              101,              101, 
	              64,              104,               76,               76, 
	              76,              101,               88,              125, 
	              64,               64,               76,               76, 
	             101,              101,               88,              125, 
	             104,               76,               76,              101, 
	             101,               88,               88,              125, 
	             101,               88,               79,              102, 
	              65,               65,              120,               85, 
	              88,              125,               79,              102, 
	              65,              120,              120,               85, 
	              88,              125,               79,              102, 
	              65,              120,              120,               85, 
	             125,               79,              102,               65, 
	              65,              120,               85,               85, 
	             125,               79,               79,               65, 
	              65,              120,               82,               85, 
	              79,              102,               65,               65, 
	             120,               82,               85,               91, 
	              79,              102,               65,               65, 
	              82,               85,               91,               91, 
	              79,              102,               65,              120, 
	             120,               82,               91,               98, 
	              91,               98,              123,               66, 
	              86,               99,               99,              113, 
	              91,               98,              123,               66, 
	              90,               99,              124,              113, 
	              91,               98,               66,               66, 
	              86,               99,              124,              112, 
	              98,              123,               66,               86, 
	              90,               99,              124,              113, 
	              98,              123,               66,               90, 
	              90,              124,              124,              112, 
	              98,              123,              112,               77, 
	             110,               99,              113,              112, 
	              98,               66,               68,                0, 
	              69,              113,              113,              112, 
	             123,               66,              100,                0, 
	             126,              124,              112,              112, 
	             112,              112,              110,              117, 
	              97,              108,              111,              251, 
	             113,              100,              100,              126, 
	             117,              108,              122,               96, 
	              67,              112,               68,              126, 
	              93,              118,              122,               84, 
	             112,              110,              110,              126, 
	             117,               97,              108,              115, 
	             112,              110,              110,              126, 
	             118,               97,              108,               77, 
	             112,              110,              126,              126, 
	             117,               97,              118,              122, 
	             110,              110,              100,              126, 
	             117,              118,              108,              122, 
	             112,              110,              100,              126, 
	              70,              118,              108,              122, 
	             125,              101,              101,               76, 
	              76,               76,              104,               64, 
	             102,              125,              101,              101, 
	              76,               76,               76,              104, 
	             120,               79,              125,              101, 
	             101,               76,               76,              104, 
	              66,               65,              125,               79, 
	              88,              101,               76,               76, 
	              67,              120,               65,               79, 
	             125,               88,              101,              101, 
	              93,               85,               65,               65, 
	             102,              125,              125,              101, 
	              74,               66,               85,               65, 
	              65,               79,              125,               88, 
	             109,               86,              123,               98, 
	              65,              102,              102,              125, 
	               0,               69,              106,               89, 
	              89,               89,               80,               80, 
	               0,               69,               64,               64, 
	             106,              106,               89,               89, 
	               0,               69,               64,               64, 
	              64,               64,               64,              106, 
	               0,               93,              104,              104, 
	              64,               64,               64,               64, 
	               0,               87,               93,               93, 
	              69,               69,               69,               87, 
	               0,               84,               70,               70, 
	              70,               93,               93,               73, 
	               0,               70,               76,               76, 
	             101,               76,               76,               76, 
	               0,               70,               88,              101, 
	             101,              101,              101,              101, 
	              64,                0,                0,               80, 
	              89,               80,               89,               89, 
	              89,                0,                0,               89, 
	              89,               89,               89,              125, 
	              76,                0,               84,               89, 
	             106,               89,               85,                0, 
	              69,                0,               86,               64, 
	              64,               64,                0,               73, 
	               0,               92,               64,               64, 
	              64,              102,               69,               65, 
	               0,               92,              104,              104, 
	             104,              104,               76,              104, 
	              68,                0,               99,               76, 
	              76,               76,              120,               93, 
	             125,                0,               93,               76, 
	             101,              120,                0,                0, 
	              89,               89,               89,               64, 
	             106,               64,               64,              104, 
	              67,               69,               69,               92, 
	             101,               64,              104,               76, 
	              84,               69,               69,                0, 
	               0,               65,               76,               76, 
	              64,               64,               64,               65, 
	               0,               70,               76,              101, 
	             104,               76,              104,               76, 
	               0,               70,               76,              101, 
	              76,               76,               76,               99, 
	               0,               70,              101,               88, 
	              74,                0,                0,                0, 
	               0,               70,               88,              125, 
	              70,               66,               66,              101, 
	               0,               70,              125,              125, 
	             104,               76,               76,              101, 
	             101,               88,              125,               79, 
	             125,              123,              102,               79, 
	              69,               70,               71,              123, 
	             123,                0,               68,                0, 
	              74,               71,               87,                0, 
	              66,                0,                0,               86, 
	              79,               79,               82,               87, 
	              66,                0,               70,               79, 
	             102,               65,               65,               71, 
	              86,                0,               90,               79, 
	             102,              102,               65,               73, 
	              90,                0,               99,              102, 
	              65,               65,               65,               73, 
	              90,                0,               99,               65, 
	              65,              120,               82,               73, 
	             102,               65,               65,               82, 
	              85,               85,               98,              123, 
	              65,               65,              120,               82, 
	              82,               99,               74,               74, 
	              93,              120,              120,               85, 
	              74,                0,               96,               74, 
	               0,              120,               82,               99, 
	               0,               74,              123,               66, 
	               0,               82,               82,               73, 
	               0,               90,               66,               86, 
	               0,               82,               91,                0, 
	              81,              123,               66,               86, 
	               0,               85,               91,                0, 
	              78,               66,               86,               90, 
	               0,               91,               98,                0, 
	              74,               86,               90,               99, 
	             123,               86,              100,                0, 
	              93,              124,              112,              110, 
	              71,               92,              100,                0, 
	             126,              112,              112,              112, 
	              81,                0,               74,                0, 
	              93,              112,              112,              110, 
	              86,               97,                0,                0, 
	             117,              112,              110,              110, 
	              90,               99,               84,                0, 
	              70,              112,              110,              110, 
	              90,               99,               97,                0, 
	              97,              112,              110,              100, 
	              99,              124,               93,                0, 
	             118,              110,              110,              100, 
	             124,              113,               97,                0, 
	              70,              110,              100,              126, 
	             110,              100,              126,              126, 
	             118,              118,              122,              122, 
	             110,              100,              126,               97, 
	             118,              122,              122,              116, 
	             110,              126,              126,               97, 
	             118,               73,              116,               77, 
	             100,              100,              117,              118, 
	             108,              116,               77,               84, 
	             126,               93,              118,              118, 
	             108,              111,              119,              212, 
	             126,              117,              118,              108, 
	             122,              119,              119,               96, 
	             117,               97,              108,              111, 
	             116,              119,               84,               42, 
	             117,              118,              118,              108, 
	             119,              115,               21,                0, 
	               0,               68,               86,              123, 
	              91,               65,               65,               79, 
	               0,               73,               67,              123, 
	              91,               82,               65,               65, 
	               0,               87,               92,               99, 
	             123,               85,              120,               65, 
	               0,                0,               93,               67, 
	              90,              123,               85,              120, 
	               0,                0,               81,               92, 
	              67,               86,              123,               85, 
	               0,                0,              251,               69, 
	              67,               90,               66,               91, 
	               0,                0,                0,               78, 
	              68,               67,               99,              123, 
	               0,                0,                0,                0, 
	              93,               92,               67,               90, 
	               0,               70,              125,               88, 
	              88,              101,              101,              101, 
	               0,               71,               79,              125, 
	             125,              125,               88,               88, 
	               0,               70,               79,               79, 
	              79,               79,               79,              125, 
	               0,               71,               65,              102, 
	             102,              102,               79,               79, 
	              82,               65,               65,               65, 
	              65,               65,               65,               65, 
	              91,               85,               82,              120, 
	              65,               65,               65,               65, 
	              98,               91,               85,               82, 
	              82,              120,              120,              120, 
	              66,               98,               91,               91, 
	              82,               85,               82,               82, 
	             101,                0,               70,              101, 
	             101,               70,                0,               82, 
	              88,                0,               70,              101, 
	              88,               70,                0,               88, 
	             125,                0,               33,              125, 
	             125,               67,                0,               92, 
	              79,               87,                0,               69, 
	              79,               82,               87,                0, 
	             102,              102,              102,              102, 
	             102,               65,              102,               99, 
	              65,               65,               65,               65, 
	              65,               65,               65,               65, 
	              65,              120,              120,              120, 
	              65,              120,              120,               82, 
	              82,              120,               82,              120, 
	              82,               82,               82,               82, 
	             101,               88,               88,               88, 
	               0,               70,               79,               79, 
	             125,               88,              125,              120, 
	               0,               71,              102,               65, 
	              79,               79,               98,               87, 
	               0,               78,              102,               65, 
	               0,                0,                0,               67, 
	              78,                0,               96,               91, 
	              99,               99,               85,               65, 
	              91,               67,               67,              120, 
	              65,              120,               65,              120, 
	             120,               82,               82,               85, 
	              82,               82,               82,               85, 
	              85,               85,               91,               91, 
	              82,               85,               85,               85, 
	              85,               91,               91,               98, 
	              99,                0,               67,               65, 
	              82,               82,               85,               73, 
	              67,                0,               67,               82, 
	             120,               82,               85,              111, 
	              67,                0,               67,               82, 
	              85,               85,               91,              111, 
	             113,                0,              112,               85, 
	              91,               98,              123,               74, 
	              82,               82,               91,               91, 
	              98,               98,              123,               66, 
	              85,               91,               91,               98, 
	              98,              123,               66,               66, 
	              91,               98,               98,              123, 
	              66,               66,               86,               90, 
	             123,              123,               66,               66, 
	              86,               90,               90,               99, 
	               0,               98,               98,               96, 
	              96,               90,               90,              124, 
	               0,              123,               66,               71, 
	               0,              112,               99,              124, 
	               0,               66,               86,              124, 
	               0,              109,              112,              113, 
	               0,               66,               86,               90, 
	             126,                0,                0,                0, 
	              86,               86,               90,               99, 
	             124,              112,               93,               97, 
	              86,               99,               99,               99, 
	             124,              112,              112,              112, 
	              90,              124,              124,              113, 
	             113,              112,              110,              110, 
	             124,              124,              113,              112, 
	             112,              110,              112,              110, 
	             124,              113,              111,                0, 
	             118,              100,              126,              126, 
	             113,              112,              251,                0, 
	              71,              100,              126,               93, 
	             112,               81,              109,                0, 
	             108,              100,              117,               97, 
	               0,              109,              100,                0, 
	              73,              117,              118,              118, 
	              97,              110,              110,              100, 
	             126,              126,              118,              118, 
	             110,              110,              100,              100, 
	              93,              118,              118,               73, 
	             110,              100,              126,              117, 
	              97,              118,              118,              122, 
	             100,              100,              118,               97, 
	             118,              108,              122,               77, 
	              97,              108,              122,              111, 
	             115,              115,              171,                0, 
	             118,              118,              111,               77, 
	             115,               87,              171,                0, 
	             108,              118,               77,               77, 
	             115,               96,              251,                0, 
	             122,               77,               77,               21, 
	              84,               96,                0,                0, 
	             118,               77,               77,              146, 
	              87,              251,                0,                0, 
	              77,               77,               21,              149, 
	             220,                0,                0,                0, 
	              77,              119,               21,              159, 
	             251,                0,                0,                0, 
	             119,               81,              146,               96, 
	               0,                0,                0,                0, 
	               0,                0,                0,                0, 
	              84,               68,              112,               67, 
	               0,                0,                0,                0, 
	               0,               73,               69,               92, 
	               0,                0,                0,                0, 
	               0,              109,               93,               68, 
	               0,                0,                0,                0, 
	               0,                0,               84,               93, 
	               0,                0,                0,                0, 
	               0,                0,                0,               81, 
	               0,                0,                0,                0, 
	               0,                0,                0,                0, 
	               0,                0,                0,                0, 
	               0,                0,                0,                0, 
	               0,                0,                0,                0, 
	               0,                0,                0,                0, 
	              86,               66,               98,               98, 
	              85,               85,               91,               91, 
	              67,               86,               86,               66, 
	             123,               98,               91,               91, 
	             112,               67,               90,               90, 
	              66,               66,              123,               98, 
	              68,              112,               67,               99, 
	              99,               86,               86,               86, 
	              93,              110,               92,              113, 
	              67,               99,               90,               90, 
	              78,               70,              100,              110, 
	             112,               67,              124,               99, 
	               0,               78,               93,               69, 
	             110,              112,               92,              113, 
	               0,                0,               78,               97, 
	              69,              100,               68,              110, 
	              85,               85,               85,               85, 
	              85,               91,               85,               91, 
	              98,               91,               98,               91, 
	              98,               91,               98,               91, 
	              98,               98,              123,               98, 
	              98,               98,              123,              123, 
	              66,               66,              123,              123, 
	              66,               66,              123,               66, 
	              66,               86,               86,               86, 
	              86,               86,               86,               86, 
	              99,               90,               90,               90, 
	              90,               90,               90,               90, 
	             113,              124,              124,               99, 
	              99,               99,               99,              124, 
	              92,              112,              113,              113, 
	             113,              112,              113,              113, 
	              85,               91,               91,               98, 
	              98,               98,               98,              123, 
	              98,               98,               98,               98, 
	             123,               66,               66,               66, 
	             123,              123,               66,               66, 
	              66,               86,               86,               90, 
	              66,               86,               66,               86, 
	              86,               86,               90,               90, 
	              86,               90,               86,               90, 
	              90,               90,               99,              124, 
	              90,               99,               99,               99, 
	             124,              124,              124,              124, 
	              99,              124,              124,              124, 
	             113,              113,              113,              113, 
	             113,              113,              113,              112, 
	             113,              112,              112,              112, 
	              66,               66,               86,               86, 
	              86,               99,               99,               99, 
	              66,               86,               86,               90, 
	              99,               99,              124,              113, 
	              86,               99,               99,               99, 
	             124,              124,              113,              112, 
	              99,               99,              124,              113, 
	             124,              112,              112,              112, 
	             124,              124,              124,              113, 
	             113,              112,              112,              110, 
	             113,              113,              112,              112, 
	             112,              112,              110,              110, 
	             112,              112,              112,              110, 
	             110,              110,              110,              100, 
	             112,              110,              110,              110, 
	             110,              110,              100,              126, 
	             124,              113,              113,              112, 
	             112,              110,              110,              100, 
	             113,              112,              112,              112, 
	             110,              110,              100,              100, 
	             112,              112,              110,              110, 
	             110,              100,              126,              126, 
	             112,              110,              110,              110, 
	             100,              126,              117,               93, 
	             110,              110,              100,              126, 
	             126,              117,              118,              118, 
	             110,              100,              126,              126, 
	             117,              118,              108,               97, 
	             126,              126,              126,              117, 
	              97,              118,              108,              122, 
	             126,              118,              118,              108, 
	             118,              108,              116,              111, 
	             100,              126,              117,              118, 
	             118,              111,              116,              119, 
	              97,              117,              118,              118, 
	             122,              116,               77,              119, 
	             117,              118,              108,              122, 
	             111,               77,               46,              146, 
	             108,              118,              108,              116, 
	              77,              119,               84,               24, 
	             108,              122,              111,               47, 
	             119,               46,              212,              159, 
	             122,               77,               77,              115, 
	              84,               87,               96,              251, 
	             122,               77,              119,              115, 
	             212,               96,              109,                0, 
	             119,              115,               21,               87, 
	              96,              251,                0,                0, 
	             115,               24,               96,              251, 
	               0,                0,                0,                0, 
	              84,               87,              233,                0, 
	               0,                0,                0,                0, 
	             212,               33,                0,                0, 
	               0,                0,                0,                0, 
	             233,                0,                0,                0, 
	               0,                0,                0,                0, 
	             251,                0,                0,                0, 
	               0,                0,                0,                0, 
	               0,                0,                0,                0, 
	               0,                0,                0,                0, 
	               0,                0,                0,                0, 
	               0,                0,                0,                0, 
	               0,                0,                0,                0, 
	               0,                0,                0,                0, 
	               0,                0,                0,                0, 
	               0,                0,                0,                0, 
	               0,                0,                0,                0, 
	               0,                0,                0,                0, 
	               0,                0,                0,                0, 
	               0,                0,                0,                0, 
	               0,                0,                0,                0, 
	               0,                0,                0,                0, 
	               0,                0,                0,                0, 
	               0,                0,                0,                0, 
	               0,                0,                0,                0, 
	               0,                0,                0,                0, 
	               0,                0,                0,                0, 
	               0,                0,                0,                0, 
	               0,                0,                0,                0, 
	               0,                0,                0,                0, 
	               0,                0,                0,               84, 
	              70,               97,               93,              110, 
	               0,                0,                0,                0, 
	              96,              108,               97,               97, 
	               0,                0,                0,                0, 
	               0,              251,               78,              108, 
	               0,                0,                0,                0, 
	               0,                0,                0,               96, 
	               0,                0,                0,                0, 
	               0,                0,                0,                0, 
	               0,                0,                0,                0, 
	               0,                0,                0,                0, 
	               0,                0,                0,                0, 
	               0,                0,                0,                0, 
	               0,                0,                0,                0, 
	               0,                0,                0,                0, 
	             110,               92,              112,              112, 
	             112,              112,              112,              112, 
	              69,              100,              100,              110, 
	              68,              112,              112,              110, 
	              71,               97,               97,              126, 
	              93,              126,              100,              100, 
	             116,               71,               97,               70, 
	              93,               93,               69,               69, 
	               0,               33,               77,              111, 
	             116,              108,              108,              118, 
	               0,                0,                0,               96, 
	             119,              111,              122,               73, 
	               0,                0,                0,                0, 
	               0,              251,               96,              119, 
	               0,                0,                0,                0, 
	               0,                0,                0,                0, 
	             112,              112,              112,              112, 
	             112,              110,              110,              110, 
	             112,              112,              112,              110, 
	             110,              110,              110,              110, 
	             100,              100,              110,              110, 
	             110,              110,              100,              126, 
	              93,               93,              100,               93, 
	             126,              126,              126,              126, 
	             118,               97,              117,               97, 
	              97,              118,              117,              117, 
	             122,              108,              108,              118, 
	             118,              118,              118,              118, 
	             111,               77,              122,              108, 
	             108,              108,              122,              122, 
	               0,               96,               87,               84, 
	              74,               77,              116,              122, 
	             110,              110,              110,              100, 
	             100,              126,              126,              117, 
	             110,              100,              126,              126, 
	             117,              126,              118,              118, 
	             100,              126,              117,              117, 
	             118,              118,               97,              108, 
	              97,               97,               93,              118, 
	             108,              108,              108,              111, 
	             117,              118,              108,               70, 
	             122,               77,              116,               77, 
	             118,              122,              108,              116, 
	              77,              119,               81,              115, 
	             122,              116,              116,               77, 
	              77,              115,               87,               84, 
	             111,               77,               81,              115, 
	             159,              171,              233,                0, 
	             117,               97,               97,              108, 
	             122,              122,              119,              119, 
	             118,              118,              116,              116, 
	              77,              119,              119,              115, 
	             116,              122,              111,               77, 
	              78,               46,               84,              149, 
	             111,              119,              115,               16, 
	             146,               87,               33,              233, 
	              77,              115,               84,               21, 
	              96,              159,              251,                0, 
	              24,               84,              149,              233, 
	             251,                0,                0,                0, 
	              33,              251,                0,                0, 
	               0,                0,                0,                0, 
	               0,                0,                0,                0, 
	               0,                0,                0,                0, 
	             119,               84,              212,              159, 
	             251,                0,                0,                0, 
	              24,               87,              171,              251, 
	               0,                0,                0,                0, 
	              96,              171,                0,                0, 
	               0,                0,                0,                0, 
	             251,                0,                0,                0, 
	               0,                0,                0,                0, 
	               0,                0,                0,                0, 
	               0,                0,                0,                0, 
	               0,                0,                0,                0, 
	               0,                0,                0,                0, 
	               0,                0,                0,                0, 
	               0,                0,                0,                0, 
	               0,                0,                0,                0, 
	               0,                0,                0,                0, 
	               0,                0,                0,                0, 
	               0,                0,                0,                0, 
	               0,                0,                0,                0, 
	               0,                0,                0,                0, 
	               0,                0,                0,                0, 
	               0,                0,                0,                0, 
	               0,                0,                0,                0, 
	               0,                0,                0,                0, 
	               0,                0,                0,                0, 
	               0,                0,                0,                0, 
	               0,                0,                0,                0, 
	               0,                0,                0,                0, 
	               0,                0,                0,                0, 
	               0,                0,                0,                0, 
	               0,                0,                0,                0, 
	               0,                0,                0,                0, 
}; 



//! SoSpriteAnimation instance;
const SoSpriteAnimation SphereAIRandSpriteAnimation = { false, 64, 64, 1, (u8*) SphereAIRandSpriteAnimationData };

// --------------------------------------------------------------------------------------
// EOF
// --------------------------------------------------------------------------------------

